NO_OF_FRAMES	4173
NO_OF_CAMERAS	20
NO_OF_BODIES	1
FREQUENCY	100
NO_OF_ANALOG	0
ANALOG_FREQUENCY	0
DESCRIPTION	--
TIME_STAMP	2021-01-29, 17:28:50.920	4172.87836570
DATA_INCLUDED	6D
BODY_NAMES	Tiago_Base
BODY_FILTERS	No filter
Frame	Time	Tiago_Base X	Y	Z	Roll	Pitch	Yaw	Residual	Rot[0]	Rot[1]	Rot[2]	Rot[3]	Rot[4]	Rot[5]	Rot[6]	Rot[7]	Rot[8]	
1	0.00000	339.21694	-485.59309	285.52566	0.51391	-0.48042	16.21605	0.17868	0.96018	0.27918	0.01056	-0.27925	0.96020	0.00627	-0.00838	-0.00897	0.99992	
2	0.01000	339.49591	-486.56219	285.51342	0.51544	-0.48085	16.38177	0.17198	0.95937	0.28195	0.01059	-0.28203	0.95939	0.00626	-0.00839	-0.00900	0.99992	
3	0.02000	339.78108	-487.48516	285.51979	0.52255	-0.48508	16.54070	0.19253	0.95858	0.28461	0.01071	-0.28469	0.95860	0.00633	-0.00847	-0.00912	0.99992	
4	0.03000	340.06697	-488.39813	285.54482	0.53089	-0.50061	16.70370	0.20402	0.95777	0.28733	0.01103	-0.28741	0.95779	0.00636	-0.00874	-0.00927	0.99992	
5	0.04000	340.34096	-489.31141	285.55413	0.52636	-0.49379	16.85572	0.22209	0.95700	0.28987	0.01091	-0.28995	0.95702	0.00629	-0.00862	-0.00919	0.99992	
6	0.05000	340.64628	-490.30113	285.54770	0.52799	-0.50648	17.03244	0.20082	0.95610	0.29282	0.01115	-0.29290	0.95612	0.00622	-0.00884	-0.00921	0.99992	
7	0.06000	340.91451	-491.28008	285.50080	0.52721	-0.50608	17.19599	0.22029	0.95526	0.29555	0.01116	-0.29563	0.95528	0.00618	-0.00883	-0.00920	0.99992	
8	0.07000	341.17913	-492.29946	285.44320	0.52984	-0.49281	17.36514	0.19894	0.95439	0.29837	0.01097	-0.29845	0.95441	0.00626	-0.00860	-0.00925	0.99992	
9	0.08000	341.44323	-493.14490	285.40907	0.56204	-0.48117	17.52928	0.16550	0.95353	0.30110	0.01096	-0.30118	0.95354	0.00682	-0.00840	-0.00981	0.99992	
10	0.09000	341.74025	-494.06378	285.37506	0.57115	-0.48717	17.70028	0.16365	0.95263	0.30394	0.01113	-0.30403	0.95264	0.00691	-0.00850	-0.00997	0.99991	
11	0.10000	342.05850	-495.03388	285.40775	0.56176	-0.47401	17.86877	0.18334	0.95173	0.30675	0.01088	-0.30683	0.95174	0.00679	-0.00827	-0.00980	0.99992	
12	0.11000	342.36856	-495.96762	285.41513	0.56468	-0.47062	18.03303	0.17827	0.95085	0.30947	0.01086	-0.30955	0.95086	0.00683	-0.00821	-0.00986	0.99992	
13	0.12000	342.69192	-496.88230	285.38993	0.56813	-0.47520	18.20301	0.15783	0.94992	0.31229	0.01098	-0.31237	0.94993	0.00683	-0.00829	-0.00992	0.99992	
14	0.13000	343.02895	-497.82085	285.38459	0.56159	-0.46711	18.37966	0.16706	0.94896	0.31522	0.01083	-0.31530	0.94897	0.00673	-0.00815	-0.00980	0.99992	
15	0.14000	343.39388	-498.77346	285.36821	0.56727	-0.47579	18.55358	0.16037	0.94799	0.31810	0.01102	-0.31818	0.94801	0.00674	-0.00830	-0.00990	0.99992	
16	0.15000	343.69620	-499.70371	285.40877	0.57560	-0.47142	18.71854	0.17687	0.94707	0.32082	0.01102	-0.32091	0.94709	0.00687	-0.00823	-0.01005	0.99992	
17	0.16000	343.99651	-500.60731	285.37435	0.57763	-0.47805	18.88371	0.16242	0.94614	0.32355	0.01116	-0.32364	0.94616	0.00684	-0.00834	-0.01008	0.99991	
18	0.17000	344.33059	-501.54023	285.36788	0.58048	-0.47663	19.05822	0.14539	0.94515	0.32643	0.01117	-0.32652	0.94517	0.00686	-0.00832	-0.01013	0.99991	
19	0.18000	344.66474	-502.44850	285.39601	0.57467	-0.45853	19.22940	0.16173	0.94418	0.32926	0.01086	-0.32934	0.94419	0.00683	-0.00800	-0.01003	0.99992	
20	0.19000	344.97968	-503.35410	285.37804	0.57843	-0.45970	19.39817	0.15664	0.94320	0.33204	0.01092	-0.33212	0.94321	0.00686	-0.00802	-0.01009	0.99992	
21	0.20000	345.30735	-504.22185	285.37679	0.57701	-0.46221	19.56553	0.14335	0.94223	0.33479	0.01097	-0.33487	0.94224	0.00679	-0.00807	-0.01007	0.99992	
22	0.21000	345.61735	-505.13385	285.37075	0.57988	-0.46784	19.73611	0.14486	0.94123	0.33759	0.01110	-0.33768	0.94124	0.00677	-0.00817	-0.01012	0.99992	
23	0.22000	345.91684	-506.04951	285.37205	0.57912	-0.46701	19.90335	0.14483	0.94024	0.34034	0.01110	-0.34042	0.94025	0.00673	-0.00815	-0.01011	0.99992	
24	0.23000	346.28452	-506.87084	285.39257	0.57997	-0.46370	20.06611	0.16820	0.93927	0.34301	0.01107	-0.34309	0.93928	0.00673	-0.00809	-0.01012	0.99992	
25	0.24000	346.61294	-507.75896	285.38660	0.57771	-0.46710	20.23552	0.16857	0.93825	0.34579	0.01114	-0.34587	0.93826	0.00664	-0.00815	-0.01008	0.99992	
26	0.25000	346.93852	-508.69094	285.36200	0.57084	-0.46538	20.40158	0.16499	0.93724	0.34850	0.01109	-0.34859	0.93725	0.00651	-0.00812	-0.00996	0.99992	
27	0.26000	347.27430	-509.56545	285.36455	0.57138	-0.47860	20.56729	0.16589	0.93623	0.35121	0.01132	-0.35129	0.93624	0.00640	-0.00835	-0.00997	0.99992	
28	0.27000	347.61734	-510.45745	285.36821	0.57456	-0.47581	20.72491	0.17124	0.93526	0.35379	0.01132	-0.35387	0.93527	0.00644	-0.00830	-0.01003	0.99992	
29	0.28000	347.93725	-511.33142	285.33039	0.58041	-0.47203	20.89635	0.16370	0.93420	0.35658	0.01131	-0.35667	0.93421	0.00653	-0.00824	-0.01013	0.99991	
30	0.29000	348.27844	-512.19714	285.33970	0.57523	-0.47221	21.06438	0.16194	0.93315	0.35932	0.01130	-0.35940	0.93316	0.00641	-0.00824	-0.01004	0.99992	
31	0.30000	348.64986	-513.09823	285.32716	0.57769	-0.46530	21.22470	0.15587	0.93214	0.36193	0.01122	-0.36201	0.93215	0.00646	-0.00812	-0.01008	0.99992	
32	0.31000	348.97471	-513.98509	285.33426	0.57807	-0.45936	21.39120	0.15807	0.93108	0.36464	0.01114	-0.36472	0.93109	0.00647	-0.00802	-0.01009	0.99992	
33	0.32000	349.34416	-514.87268	285.35582	0.57462	-0.45946	21.55157	0.15444	0.93006	0.36725	0.01114	-0.36733	0.93007	0.00638	-0.00802	-0.01003	0.99992	
34	0.33000	349.72393	-515.76271	285.32600	0.57565	-0.46325	21.71865	0.16205	0.92898	0.36996	0.01123	-0.37004	0.92900	0.00634	-0.00809	-0.01005	0.99992	
35	0.34000	350.09332	-516.65150	285.32013	0.57422	-0.46455	21.88928	0.16990	0.92788	0.37272	0.01126	-0.37280	0.92789	0.00628	-0.00811	-0.01002	0.99992	
36	0.35000	350.46108	-517.56339	285.30842	0.57514	-0.46407	22.05802	0.17002	0.92677	0.37545	0.01128	-0.37553	0.92679	0.00626	-0.00810	-0.01004	0.99992	
37	0.36000	350.81111	-518.45816	285.30038	0.57790	-0.46398	22.23181	0.15798	0.92563	0.37826	0.01131	-0.37834	0.92564	0.00627	-0.00810	-0.01009	0.99992	
38	0.37000	351.20152	-519.35140	285.31020	0.57333	-0.46071	22.40329	0.16941	0.92449	0.38103	0.01125	-0.38111	0.92451	0.00619	-0.00804	-0.01001	0.99992	
39	0.38000	351.56783	-520.25464	285.28057	0.57093	-0.46230	22.56961	0.17472	0.92338	0.38371	0.01127	-0.38379	0.92340	0.00610	-0.00807	-0.00996	0.99992	
40	0.39000	351.93270	-521.13759	285.24407	0.59528	-0.46540	22.74344	0.21824	0.92221	0.38651	0.01151	-0.38659	0.92223	0.00644	-0.00812	-0.01039	0.99991	
41	0.40000	352.30363	-521.99968	285.20967	0.61541	-0.46927	22.90613	0.24944	0.92111	0.38912	0.01172	-0.38921	0.92112	0.00671	-0.00819	-0.01074	0.99991	
42	0.41000	352.71375	-522.90948	285.22931	0.60380	-0.46224	23.07423	0.23031	0.91997	0.39182	0.01155	-0.39191	0.91998	0.00653	-0.00807	-0.01054	0.99991	
43	0.42000	353.10538	-523.84240	285.20590	0.60351	-0.45492	23.25504	0.22343	0.91873	0.39473	0.01145	-0.39481	0.91874	0.00654	-0.00794	-0.01053	0.99991	
44	0.43000	353.46913	-524.74974	285.18373	0.60502	-0.45357	23.41834	0.23377	0.91760	0.39734	0.01146	-0.39743	0.91761	0.00654	-0.00792	-0.01056	0.99991	
45	0.44000	353.87942	-525.67365	285.19597	0.60791	-0.44406	23.57323	0.21956	0.91652	0.39982	0.01135	-0.39991	0.91653	0.00663	-0.00775	-0.01061	0.99991	
46	0.45000	354.28841	-526.58601	285.17671	0.60773	-0.44427	23.74776	0.22537	0.91530	0.40261	0.01137	-0.40270	0.91531	0.00659	-0.00775	-0.01061	0.99991	
47	0.46000	354.70699	-527.47990	285.17606	0.60725	-0.43508	23.92487	0.23284	0.91405	0.40544	0.01124	-0.40553	0.91406	0.00661	-0.00759	-0.01060	0.99992	
48	0.47000	355.15378	-528.42053	285.16501	0.61246	-0.43387	24.09963	0.22921	0.91281	0.40823	0.01128	-0.40831	0.91282	0.00667	-0.00757	-0.01069	0.99991	
49	0.48000	355.59185	-529.29129	285.14990	0.61336	-0.43977	24.26613	0.23933	0.91162	0.41088	0.01140	-0.41096	0.91163	0.00660	-0.00768	-0.01070	0.99991	
50	0.49000	356.02903	-530.19714	285.14640	0.61149	-0.42656	24.43790	0.23936	0.91039	0.41361	0.01119	-0.41370	0.91039	0.00664	-0.00744	-0.01067	0.99992	
51	0.50000	356.45881	-531.06391	285.08743	0.62431	-0.42164	24.60332	0.23905	0.90919	0.41624	0.01123	-0.41632	0.90919	0.00684	-0.00736	-0.01090	0.99991	
52	0.51000	356.89015	-531.96766	285.08670	0.62852	-0.41710	24.77469	0.26169	0.90794	0.41895	0.01121	-0.41904	0.90794	0.00691	-0.00728	-0.01097	0.99991	
53	0.52000	357.26387	-532.87150	285.05233	0.62647	-0.41730	24.94787	0.23697	0.90667	0.42170	0.01122	-0.42178	0.90667	0.00684	-0.00728	-0.01093	0.99991	
54	0.53000	357.73368	-533.76146	285.04669	0.62540	-0.41098	25.12671	0.24162	0.90535	0.42453	0.01113	-0.42461	0.90535	0.00684	-0.00717	-0.01091	0.99991	
55	0.54000	358.18821	-534.67057	285.00660	0.62819	-0.41282	25.30790	0.24485	0.90400	0.42739	0.01120	-0.42747	0.90400	0.00683	-0.00721	-0.01096	0.99991	
56	0.55000	358.58595	-535.57178	284.98768	0.62992	-0.40518	25.48422	0.24021	0.90268	0.43017	0.01111	-0.43025	0.90268	0.00688	-0.00707	-0.01099	0.99991	
57	0.56000	359.03636	-536.44764	284.98509	0.63383	-0.40087	25.65980	0.22611	0.90136	0.43293	0.01110	-0.43302	0.90136	0.00694	-0.00700	-0.01106	0.99991	
58	0.57000	359.44808	-537.34073	284.98302	0.63174	-0.39640	25.83498	0.23460	0.90003	0.43569	0.01103	-0.43577	0.90003	0.00691	-0.00692	-0.01103	0.99992	
59	0.58000	359.92886	-538.27514	284.96711	0.62969	-0.39714	26.02410	0.23265	0.89859	0.43865	0.01105	-0.43874	0.89859	0.00683	-0.00693	-0.01099	0.99992	
60	0.59000	360.36530	-539.14304	284.95572	0.63660	-0.39379	26.19619	0.23692	0.89727	0.44135	0.01107	-0.44144	0.89727	0.00694	-0.00687	-0.01111	0.99991	
61	0.60000	360.77831	-540.03085	284.96336	0.63561	-0.39648	26.36196	0.23394	0.89599	0.44394	0.01113	-0.44403	0.89599	0.00687	-0.00692	-0.01109	0.99991	
62	0.61000	361.20527	-540.93756	284.98224	0.64097	-0.39202	26.53890	0.23303	0.89461	0.44671	0.01112	-0.44679	0.89461	0.00695	-0.00684	-0.01119	0.99991	
63	0.62000	361.61524	-541.79716	284.96409	0.64897	-0.39912	26.70174	0.23680	0.89334	0.44925	0.01131	-0.44934	0.89334	0.00699	-0.00697	-0.01133	0.99991	
64	0.63000	362.07868	-542.69922	284.95211	0.65093	-0.40412	26.86750	0.24161	0.89203	0.45183	0.01143	-0.45192	0.89203	0.00695	-0.00705	-0.01136	0.99991	
65	0.64000	362.51787	-543.55433	284.95996	0.65319	-0.39865	27.03527	0.24252	0.89071	0.45444	0.01138	-0.45453	0.89071	0.00699	-0.00696	-0.01140	0.99991	
66	0.65000	362.95702	-544.44128	284.92140	0.67161	-0.42611	27.21401	0.22372	0.88928	0.45721	0.01197	-0.45730	0.88928	0.00702	-0.00744	-0.01172	0.99990	
67	0.66000	363.38385	-545.35482	284.90665	0.67174	-0.43217	27.38160	0.22771	0.88794	0.45980	0.01209	-0.45990	0.88794	0.00694	-0.00754	-0.01172	0.99990	
68	0.67000	363.82033	-546.21572	284.90813	0.67791	-0.42958	27.54564	0.22810	0.88662	0.46234	0.01212	-0.46244	0.88662	0.00702	-0.00750	-0.01183	0.99990	
69	0.68000	364.21080	-547.05270	284.93283	0.67444	-0.42555	27.70457	0.23557	0.88533	0.46480	0.01205	-0.46490	0.88534	0.00697	-0.00743	-0.01177	0.99990	
70	0.69000	364.64925	-547.90159	284.93518	0.67260	-0.43056	27.88091	0.23440	0.88390	0.46753	0.01213	-0.46762	0.88390	0.00686	-0.00751	-0.01174	0.99990	
71	0.70000	365.08412	-548.72646	284.94398	0.67276	-0.43561	28.05542	0.22836	0.88247	0.47021	0.01223	-0.47031	0.88247	0.00679	-0.00760	-0.01174	0.99990	
72	0.71000	365.49453	-549.56220	284.94027	0.67316	-0.43915	28.21920	0.24034	0.88112	0.47273	0.01231	-0.47283	0.88113	0.00673	-0.00766	-0.01175	0.99990	
73	0.72000	365.93144	-550.38233	284.95881	0.67260	-0.43756	28.38276	0.22729	0.87977	0.47525	0.01230	-0.47535	0.87977	0.00670	-0.00764	-0.01174	0.99990	
74	0.73000	366.35811	-551.17452	284.95598	0.67456	-0.44465	28.54912	0.21900	0.87838	0.47780	0.01244	-0.47790	0.87839	0.00663	-0.00776	-0.01177	0.99990	
75	0.74000	366.78734	-551.98829	284.95348	0.67377	-0.44787	28.70860	0.22274	0.87705	0.48024	0.01250	-0.48034	0.87706	0.00656	-0.00782	-0.01176	0.99990	
76	0.75000	367.20690	-552.79178	284.94013	0.67283	-0.45171	28.87159	0.24140	0.87568	0.48273	0.01257	-0.48283	0.87569	0.00648	-0.00788	-0.01174	0.99990	
77	0.76000	367.63804	-553.56316	284.92971	0.66905	-0.44674	29.03391	0.23936	0.87431	0.48521	0.01248	-0.48531	0.87432	0.00643	-0.00780	-0.01168	0.99990	
78	0.77000	368.08733	-554.33530	284.93580	0.66462	-0.44823	29.19126	0.23565	0.87297	0.48761	0.01249	-0.48771	0.87298	0.00631	-0.00782	-0.01160	0.99990	
79	0.78000	368.55590	-555.13654	284.94512	0.66265	-0.45470	29.35228	0.24464	0.87159	0.49007	0.01259	-0.49016	0.87161	0.00619	-0.00794	-0.01156	0.99990	
80	0.79000	369.00523	-555.91236	284.94516	0.65680	-0.43895	29.50974	0.22311	0.87025	0.49246	0.01231	-0.49256	0.87026	0.00620	-0.00766	-0.01146	0.99990	
81	0.80000	369.44434	-556.68583	284.89666	0.65312	-0.44014	29.66199	0.23458	0.86893	0.49477	0.01232	-0.49487	0.86895	0.00610	-0.00768	-0.01140	0.99991	
82	0.81000	369.88741	-557.44150	284.91365	0.65134	-0.43175	29.82506	0.23241	0.86752	0.49725	0.01219	-0.49734	0.86753	0.00611	-0.00754	-0.01137	0.99991	
83	0.82000	370.36517	-558.26100	284.89839	0.66065	-0.43190	29.98480	0.23013	0.86613	0.49966	0.01229	-0.49976	0.86614	0.00622	-0.00754	-0.01153	0.99991	
84	0.83000	370.77528	-559.04163	284.87653	0.66090	-0.42701	30.13915	0.23089	0.86478	0.50199	0.01224	-0.50209	0.86479	0.00623	-0.00745	-0.01153	0.99991	
85	0.84000	371.24198	-559.86813	284.87912	0.65860	-0.42224	30.31377	0.20872	0.86325	0.50463	0.01216	-0.50472	0.86326	0.00620	-0.00737	-0.01149	0.99991	
86	0.85000	371.71384	-560.64228	284.88388	0.65559	-0.41830	30.47796	0.22048	0.86180	0.50710	0.01209	-0.50719	0.86181	0.00616	-0.00730	-0.01144	0.99991	
87	0.86000	372.25774	-561.39835	284.92738	0.67290	-0.42689	30.63734	0.28098	0.86039	0.50949	0.01239	-0.50959	0.86040	0.00631	-0.00745	-0.01174	0.99990	
88	0.87000	372.73228	-562.22054	284.90532	0.68621	-0.43765	30.80484	0.27958	0.85889	0.51200	0.01269	-0.51210	0.85890	0.00638	-0.00764	-0.01198	0.99990	
89	0.88000	373.19404	-563.04070	284.91223	0.68642	-0.43781	30.96849	0.27261	0.85743	0.51445	0.01272	-0.51455	0.85744	0.00634	-0.00764	-0.01198	0.99990	
90	0.89000	373.64451	-563.86438	284.91513	0.68000	-0.43140	31.12803	0.27018	0.85599	0.51684	0.01258	-0.51694	0.85600	0.00627	-0.00753	-0.01187	0.99990	
91	0.90000	374.09778	-564.70940	284.91422	0.68820	-0.42969	31.30172	0.26448	0.85442	0.51943	0.01265	-0.51953	0.85443	0.00637	-0.00750	-0.01201	0.99990	
92	0.91000	374.60638	-565.55112	284.90080	0.69135	-0.43621	31.48005	0.24064	0.85280	0.52209	0.01279	-0.52219	0.85281	0.00631	-0.00761	-0.01207	0.99990	
93	0.92000	375.09568	-566.38526	284.90870	0.69149	-0.44432	31.64380	0.25870	0.85130	0.52452	0.01293	-0.52462	0.85131	0.00621	-0.00775	-0.01207	0.99990	
94	0.93000	375.59395	-567.22126	284.91283	0.68648	-0.43583	31.82262	0.24434	0.84966	0.52718	0.01278	-0.52728	0.84967	0.00617	-0.00761	-0.01198	0.99990	
95	0.94000	376.06255	-568.05768	284.88477	0.69617	-0.44253	31.99779	0.23826	0.84804	0.52977	0.01299	-0.52987	0.84806	0.00621	-0.00772	-0.01215	0.99990	
96	0.95000	376.58198	-568.95383	284.86695	0.69695	-0.45043	32.17926	0.23915	0.84636	0.53245	0.01313	-0.53255	0.84637	0.00611	-0.00786	-0.01216	0.99990	
97	0.96000	377.13534	-569.80020	284.87279	0.69849	-0.45151	32.35372	0.24272	0.84473	0.53502	0.01318	-0.53513	0.84475	0.00608	-0.00788	-0.01219	0.99989	
98	0.97000	377.63501	-570.64439	284.85579	0.69553	-0.44973	32.52208	0.24642	0.84316	0.53750	0.01314	-0.53761	0.84317	0.00602	-0.00785	-0.01214	0.99990	
99	0.98000	378.18390	-571.49412	284.87353	0.69260	-0.44470	32.69710	0.23092	0.84151	0.54008	0.01306	-0.54018	0.84153	0.00598	-0.00776	-0.01209	0.99990	
100	0.99000	378.75018	-572.37324	284.86712	0.69866	-0.44486	32.87936	0.22182	0.83979	0.54275	0.01314	-0.54286	0.83980	0.00603	-0.00776	-0.01219	0.99990	
101	1.00000	379.30240	-573.23442	284.85478	0.70371	-0.44672	33.04871	0.25363	0.83818	0.54523	0.01323	-0.54534	0.83820	0.00604	-0.00780	-0.01228	0.99989	
102	1.01000	379.86448	-574.07666	284.86869	0.69687	-0.43773	33.21529	0.23872	0.83659	0.54767	0.01305	-0.54777	0.83661	0.00599	-0.00764	-0.01216	0.99990	
103	1.02000	380.40389	-574.89738	284.86938	0.69699	-0.43430	33.38232	0.24747	0.83499	0.55011	0.01302	-0.55021	0.83501	0.00599	-0.00758	-0.01216	0.99990	
104	1.03000	381.00927	-575.75887	284.87161	0.70140	-0.43221	33.56012	0.26007	0.83328	0.55269	0.01305	-0.55280	0.83329	0.00603	-0.00754	-0.01224	0.99990	
105	1.04000	381.61000	-576.58609	284.86253	0.70578	-0.42910	33.74300	0.21945	0.83151	0.55535	0.01307	-0.55545	0.83153	0.00608	-0.00749	-0.01232	0.99990	
106	1.05000	382.17947	-577.38296	284.85180	0.70170	-0.42997	33.90798	0.22850	0.82991	0.55774	0.01306	-0.55784	0.82992	0.00598	-0.00750	-0.01225	0.99990	
107	1.06000	382.77287	-578.22138	284.85534	0.69430	-0.43076	34.08710	0.23703	0.82816	0.56034	0.01302	-0.56044	0.82818	0.00582	-0.00752	-0.01212	0.99990	
108	1.07000	383.33081	-579.03827	284.84873	0.69874	-0.43160	34.27621	0.21956	0.82631	0.56307	0.01309	-0.56317	0.82632	0.00584	-0.00753	-0.01219	0.99990	
109	1.08000	383.90535	-579.85567	284.83072	0.70182	-0.43708	34.44694	0.23131	0.82463	0.56552	0.01322	-0.56563	0.82464	0.00579	-0.00763	-0.01225	0.99990	
110	1.09000	384.47055	-580.67306	284.83914	0.69570	-0.42655	34.62610	0.22393	0.82285	0.56810	0.01302	-0.56820	0.82287	0.00576	-0.00744	-0.01214	0.99990	
111	1.10000	385.00209	-581.43003	284.81760	0.69486	-0.42381	34.79717	0.21885	0.82115	0.57056	0.01299	-0.57066	0.82117	0.00574	-0.00740	-0.01213	0.99990	
112	1.11000	385.57132	-582.25506	284.80683	0.69826	-0.42005	34.97253	0.21254	0.81940	0.57307	0.01299	-0.57317	0.81942	0.00578	-0.00733	-0.01219	0.99990	
113	1.12000	386.21519	-583.06630	284.81080	0.70625	-0.42569	35.15667	0.22761	0.81756	0.57570	0.01317	-0.57580	0.81757	0.00580	-0.00743	-0.01233	0.99990	
114	1.13000	386.75871	-583.88010	284.79016	0.70124	-0.41685	35.33057	0.21460	0.81581	0.57818	0.01301	-0.57828	0.81582	0.00578	-0.00728	-0.01224	0.99990	
115	1.14000	387.29781	-584.69811	284.79523	0.70585	-0.41447	35.50525	0.22164	0.81404	0.58066	0.01304	-0.58076	0.81405	0.00583	-0.00723	-0.01232	0.99990	
116	1.15000	387.86907	-585.54719	284.77621	0.71227	-0.42634	35.68351	0.19718	0.81223	0.58319	0.01329	-0.58329	0.81224	0.00576	-0.00744	-0.01243	0.99990	
117	1.16000	388.45731	-586.38147	284.76683	0.71818	-0.42535	35.85657	0.20183	0.81046	0.58564	0.01336	-0.58574	0.81048	0.00581	-0.00742	-0.01253	0.99989	
118	1.17000	389.07027	-587.21250	284.78242	0.71229	-0.41673	36.03445	0.21144	0.80864	0.58815	0.01319	-0.58826	0.80865	0.00577	-0.00727	-0.01243	0.99990	
119	1.18000	389.67872	-588.03538	284.77437	0.71301	-0.42214	36.21825	0.22624	0.80675	0.59074	0.01330	-0.59085	0.80676	0.00569	-0.00737	-0.01244	0.99990	
120	1.19000	390.27289	-588.84113	284.76272	0.72677	-0.42796	36.39724	0.22182	0.80490	0.59326	0.01354	-0.59336	0.80491	0.00578	-0.00747	-0.01268	0.99989	
121	1.20000	390.85762	-589.67780	284.76068	0.72983	-0.43398	36.57502	0.21833	0.80305	0.59575	0.01367	-0.59586	0.80307	0.00572	-0.00757	-0.01274	0.99989	
122	1.21000	391.41790	-590.48782	284.77325	0.73596	-0.42021	36.74348	0.21965	0.80130	0.59811	0.01356	-0.59822	0.80131	0.00591	-0.00733	-0.01284	0.99989	
123	1.22000	391.97467	-591.30892	284.74633	0.74226	-0.42451	36.91414	0.22121	0.79951	0.60049	0.01370	-0.60060	0.79953	0.00591	-0.00741	-0.01295	0.99989	
124	1.23000	392.55848	-592.11703	284.76559	0.73800	-0.42091	37.09203	0.21439	0.79765	0.60297	0.01363	-0.60308	0.79766	0.00584	-0.00735	-0.01288	0.99989	
125	1.24000	393.13049	-592.91561	284.78305	0.74295	-0.41884	37.25961	0.22118	0.79588	0.60530	0.01367	-0.60541	0.79589	0.00589	-0.00731	-0.01297	0.99989	
126	1.25000	393.73891	-593.70351	284.78340	0.74770	-0.42203	37.41957	0.23834	0.79419	0.60752	0.01378	-0.60763	0.79420	0.00589	-0.00737	-0.01305	0.99989	
127	1.26000	394.33420	-594.46272	284.75881	0.74851	-0.42807	37.58859	0.23152	0.79239	0.60986	0.01389	-0.60997	0.79240	0.00579	-0.00747	-0.01306	0.99989	
128	1.27000	394.94624	-595.23933	284.75158	0.74468	-0.42669	37.76402	0.23227	0.79052	0.61228	0.01385	-0.61239	0.79053	0.00571	-0.00745	-0.01300	0.99989	
129	1.28000	395.54265	-596.01021	284.76018	0.73683	-0.42396	37.93107	0.23702	0.78873	0.61459	0.01374	-0.61470	0.78874	0.00560	-0.00740	-0.01286	0.99989	
130	1.29000	396.10010	-596.77178	284.74872	0.74401	-0.41455	38.09426	0.21525	0.78698	0.61683	0.01370	-0.61694	0.78699	0.00576	-0.00724	-0.01298	0.99989	
131	1.30000	396.68012	-597.50406	284.73875	0.74247	-0.41200	38.25120	0.21888	0.78528	0.61899	0.01367	-0.61909	0.78530	0.00572	-0.00719	-0.01296	0.99989	
132	1.31000	397.28826	-598.24616	284.74395	0.73620	-0.40380	38.42749	0.23258	0.78338	0.62140	0.01351	-0.62151	0.78339	0.00569	-0.00705	-0.01285	0.99989	
133	1.32000	397.88042	-598.94902	284.75546	0.72982	-0.40518	38.59982	0.21964	0.78150	0.62376	0.01347	-0.62386	0.78152	0.00554	-0.00707	-0.01274	0.99989	
134	1.33000	398.51779	-599.67712	284.75136	0.73286	-0.41176	38.75637	0.23848	0.77979	0.62589	0.01361	-0.62599	0.77981	0.00548	-0.00719	-0.01279	0.99989	
135	1.34000	399.13574	-600.40888	284.72292	0.74219	-0.41969	38.91960	0.26157	0.77801	0.62810	0.01384	-0.62821	0.77802	0.00548	-0.00732	-0.01295	0.99989	
136	1.35000	399.76368	-601.12578	284.73609	0.73884	-0.44145	39.09645	0.28273	0.77606	0.63050	0.01411	-0.63061	0.77608	0.00515	-0.00770	-0.01289	0.99989	
137	1.36000	400.30955	-601.84908	284.71893	0.71960	-0.41696	39.25306	0.30739	0.77434	0.63263	0.01358	-0.63273	0.77436	0.00512	-0.00728	-0.01256	0.99989	
138	1.37000	400.91438	-602.56199	284.71294	0.72239	-0.41991	39.41956	0.31231	0.77250	0.63487	0.01367	-0.63498	0.77251	0.00509	-0.00733	-0.01261	0.99989	
139	1.38000	401.54204	-603.30917	284.70066	0.72619	-0.42440	39.59359	0.27709	0.77056	0.63721	0.01378	-0.63732	0.77058	0.00505	-0.00741	-0.01267	0.99989	
140	1.39000	402.12284	-604.00615	284.69556	0.72575	-0.41283	39.75700	0.30153	0.76874	0.63941	0.01364	-0.63952	0.76876	0.00513	-0.00721	-0.01267	0.99989	
141	1.40000	402.78404	-604.75674	284.67045	0.72575	-0.41754	39.94291	0.24756	0.76666	0.64190	0.01372	-0.64201	0.76668	0.00503	-0.00729	-0.01267	0.99989	
142	1.41000	403.44431	-605.49537	284.67651	0.72954	-0.42751	40.10251	0.30211	0.76487	0.64403	0.01391	-0.64414	0.76489	0.00493	-0.00746	-0.01273	0.99989	
143	1.42000	404.03784	-606.25067	284.66130	0.72628	-0.43083	40.26715	0.29392	0.76302	0.64623	0.01393	-0.64633	0.76304	0.00481	-0.00752	-0.01268	0.99989	
144	1.43000	404.64785	-606.95899	284.63031	0.73533	-0.43676	40.43560	0.27994	0.76111	0.64847	0.01413	-0.64857	0.76114	0.00482	-0.00762	-0.01283	0.99989	
145	1.44000	405.24906	-607.67827	284.66471	0.73246	-0.42288	40.60985	0.27789	0.75914	0.65078	0.01392	-0.65089	0.75916	0.00490	-0.00738	-0.01278	0.99989	
146	1.45000	405.85109	-608.41473	284.68765	0.73321	-0.41609	40.78170	0.29876	0.75718	0.65305	0.01386	-0.65316	0.75720	0.00495	-0.00726	-0.01280	0.99989	
147	1.46000	406.48875	-609.11882	284.67072	0.76017	-0.42243	40.96521	0.25725	0.75509	0.65547	0.01426	-0.65558	0.75511	0.00518	-0.00737	-0.01327	0.99988	
148	1.47000	407.16699	-609.68590	284.69308	0.75146	-0.41485	41.13179	0.40314	0.75318	0.65767	0.01408	-0.65778	0.75320	0.00512	-0.00724	-0.01311	0.99989	
149	1.48000	407.74076	-610.45129	284.67341	0.76032	-0.41812	41.30727	0.34721	0.75116	0.65997	0.01424	-0.66008	0.75118	0.00515	-0.00730	-0.01327	0.99989	
150	1.49000	408.42395	-611.22261	284.68374	0.76036	-0.42385	41.48438	0.36525	0.74912	0.66228	0.01433	-0.66240	0.74914	0.00504	-0.00740	-0.01327	0.99988	
151	1.50000	409.07304	-611.98365	284.67006	0.75877	-0.42268	41.65155	0.34333	0.74718	0.66447	0.01431	-0.66458	0.74720	0.00499	-0.00738	-0.01324	0.99989	
152	1.51000	409.71980	-612.73751	284.68054	0.76281	-0.41504	41.82539	0.32715	0.74516	0.66673	0.01428	-0.66685	0.74518	0.00509	-0.00724	-0.01331	0.99989	
153	1.52000	410.35308	-613.48977	284.68539	0.76077	-0.41124	42.00264	0.29834	0.74309	0.66904	0.01422	-0.66915	0.74311	0.00506	-0.00718	-0.01328	0.99989	
154	1.53000	411.00269	-614.24684	284.67831	0.76126	-0.41570	42.17900	0.29107	0.74103	0.67132	0.01430	-0.67143	0.74105	0.00497	-0.00726	-0.01329	0.99989	
155	1.54000	411.62061	-615.06958	284.63243	0.75545	-0.40996	42.35189	0.26224	0.73900	0.67355	0.01417	-0.67366	0.73902	0.00492	-0.00716	-0.01318	0.99989	
156	1.55000	412.22571	-615.80468	284.65147	0.74789	-0.40398	42.52103	0.26158	0.73701	0.67574	0.01402	-0.67584	0.73703	0.00486	-0.00705	-0.01305	0.99989	
157	1.56000	412.92147	-616.56213	284.66312	0.73744	-0.40286	42.69664	0.27008	0.73494	0.67799	0.01389	-0.67810	0.73495	0.00469	-0.00703	-0.01287	0.99989	
158	1.57000	413.61461	-617.26791	284.65899	0.74410	-0.41393	42.87725	0.30319	0.73279	0.68030	0.01413	-0.68041	0.73282	0.00460	-0.00722	-0.01299	0.99989	
159	1.58000	414.29441	-617.85607	284.73024	0.74027	-0.41466	43.04886	0.29810	0.73075	0.68250	0.01411	-0.68260	0.73077	0.00450	-0.00724	-0.01292	0.99989	
160	1.59000	414.96430	-618.58762	284.73898	0.73654	-0.41322	43.22001	0.28323	0.72871	0.68468	0.01406	-0.68478	0.72873	0.00443	-0.00721	-0.01285	0.99989	
161	1.60000	415.60484	-619.36290	284.66823	0.74840	-0.40397	43.39768	0.26458	0.72658	0.68693	0.01410	-0.68704	0.72660	0.00465	-0.00705	-0.01306	0.99989	
162	1.61000	416.24238	-620.04977	284.66132	0.74407	-0.39383	43.56915	0.25855	0.72453	0.68911	0.01393	-0.68921	0.72454	0.00467	-0.00687	-0.01299	0.99989	
163	1.62000	416.92998	-620.65048	284.68073	0.73531	-0.38619	43.73740	0.23705	0.72250	0.69123	0.01374	-0.69134	0.72252	0.00461	-0.00674	-0.01283	0.99989	
164	1.63000	417.58856	-621.23757	284.67976	0.73388	-0.38533	43.89621	0.37102	0.72058	0.69324	0.01373	-0.69334	0.72060	0.00457	-0.00673	-0.01281	0.99990	
165	1.64000	418.37037	-622.03249	284.63721	0.74603	-0.40300	44.08262	0.23727	0.71832	0.69557	0.01411	-0.69568	0.71834	0.00446	-0.00703	-0.01302	0.99989	
166	1.65000	419.05633	-622.72331	284.65920	0.73932	-0.40323	44.24672	0.22667	0.71632	0.69763	0.01404	-0.69773	0.71635	0.00433	-0.00704	-0.01290	0.99989	
167	1.66000	419.60654	-623.26830	284.66768	0.73410	-0.38803	44.39750	0.42052	0.71449	0.69951	0.01380	-0.69962	0.71451	0.00442	-0.00677	-0.01281	0.99989	
168	1.67000	420.37106	-624.04352	284.65581	0.72974	-0.39941	44.58469	0.22173	0.71220	0.70184	0.01390	-0.70195	0.71222	0.00418	-0.00697	-0.01274	0.99989	
169	1.68000	421.03352	-624.73873	284.68542	0.72838	-0.38742	44.76045	0.22600	0.71004	0.70403	0.01375	-0.70413	0.71006	0.00427	-0.00676	-0.01271	0.99990	
170	1.69000	421.68282	-625.40912	284.67637	0.71956	-0.39272	44.92751	0.21425	0.70798	0.70609	0.01372	-0.70620	0.70801	0.00405	-0.00685	-0.01256	0.99990	
171	1.70000	422.33120	-626.07806	284.65266	0.72012	-0.38898	45.08410	0.18951	0.70605	0.70803	0.01369	-0.70813	0.70607	0.00407	-0.00679	-0.01257	0.99990	
172	1.71000	423.01994	-626.74077	284.62910	0.72956	-0.39402	45.25705	0.19669	0.70391	0.71015	0.01388	-0.71026	0.70393	0.00408	-0.00688	-0.01273	0.99990	
173	1.72000	423.67852	-627.39088	284.65322	0.72598	-0.39729	45.42647	0.20496	0.70181	0.71223	0.01389	-0.71233	0.70183	0.00395	-0.00693	-0.01267	0.99990	
174	1.73000	424.31195	-628.05884	284.66313	0.73097	-0.39681	45.59039	0.20662	0.69977	0.71424	0.01396	-0.71434	0.69979	0.00398	-0.00693	-0.01276	0.99989	
175	1.74000	424.97500	-628.72366	284.67682	0.73303	-0.39185	45.76552	0.22230	0.69758	0.71637	0.01394	-0.71647	0.69760	0.00402	-0.00684	-0.01279	0.99989	
176	1.75000	425.63590	-629.36198	284.65845	0.72908	-0.38695	45.93623	0.22211	0.69544	0.71845	0.01384	-0.71855	0.69546	0.00400	-0.00675	-0.01272	0.99990	
177	1.76000	426.32373	-630.01074	284.67260	0.73215	-0.39254	46.10114	0.20186	0.69337	0.72045	0.01396	-0.72055	0.69339	0.00392	-0.00685	-0.01278	0.99989	
178	1.77000	426.97494	-630.69026	284.65013	0.72773	-0.37974	46.27177	0.20315	0.69122	0.72251	0.01376	-0.72261	0.69124	0.00399	-0.00663	-0.01270	0.99990	
179	1.78000	427.68493	-631.34320	284.63956	0.72828	-0.38499	46.43429	0.21471	0.68917	0.72447	0.01384	-0.72457	0.68919	0.00389	-0.00672	-0.01271	0.99990	
180	1.79000	428.39431	-631.96159	284.63686	0.72445	-0.37392	46.59747	0.23540	0.68711	0.72643	0.01367	-0.72653	0.68712	0.00395	-0.00653	-0.01264	0.99990	
181	1.80000	429.12217	-632.64164	284.65175	0.72662	-0.37836	46.77299	0.22900	0.68488	0.72853	0.01376	-0.72863	0.68490	0.00387	-0.00660	-0.01268	0.99990	
182	1.81000	429.82001	-633.30252	284.65869	0.72108	-0.37296	46.94477	0.21724	0.68269	0.73058	0.01364	-0.73068	0.68271	0.00384	-0.00651	-0.01258	0.99990	
183	1.82000	430.56495	-633.96536	284.65055	0.72856	-0.37753	47.10836	0.20814	0.68060	0.73253	0.01380	-0.73263	0.68062	0.00383	-0.00659	-0.01272	0.99990	
184	1.83000	431.30997	-634.60797	284.65407	0.73411	-0.38890	47.27570	0.21716	0.67846	0.73451	0.01402	-0.73461	0.67848	0.00371	-0.00679	-0.01281	0.99989	
185	1.84000	432.05317	-635.19219	284.70121	0.72522	-0.37443	47.43847	0.24375	0.67637	0.73644	0.01374	-0.73654	0.67639	0.00375	-0.00653	-0.01266	0.99990	
186	1.85000	432.78766	-635.84417	284.67542	0.73104	-0.37406	47.61067	0.25544	0.67415	0.73846	0.01382	-0.73857	0.67417	0.00378	-0.00653	-0.01276	0.99990	
187	1.86000	433.50237	-636.51335	284.69961	0.72886	-0.37478	47.79157	0.27200	0.67182	0.74059	0.01382	-0.74069	0.67184	0.00370	-0.00654	-0.01272	0.99990	
188	1.87000	434.22122	-637.16681	284.71072	0.73302	-0.36447	47.95272	0.28183	0.66973	0.74248	0.01376	-0.74258	0.66975	0.00384	-0.00636	-0.01279	0.99990	
189	1.88000	434.95163	-637.82238	284.69573	0.72688	-0.36153	48.13372	0.27836	0.66738	0.74459	0.01366	-0.74469	0.66740	0.00377	-0.00631	-0.01269	0.99990	
190	1.89000	435.73174	-638.48996	284.69478	0.73038	-0.35900	48.31682	0.30387	0.66500	0.74672	0.01369	-0.74682	0.66502	0.00380	-0.00627	-0.01275	0.99990	
191	1.90000	436.48192	-639.12890	284.69755	0.71843	-0.35406	48.48482	0.30751	0.66281	0.74867	0.01348	-0.74877	0.66282	0.00368	-0.00618	-0.01254	0.99990	
192	1.91000	437.18758	-639.76188	284.76409	0.66975	-0.32226	48.64681	0.30719	0.66069	0.75056	0.01249	-0.75064	0.66070	0.00350	-0.00562	-0.01169	0.99992	
193	1.92000	437.98097	-640.39692	284.77234	0.66852	-0.32583	48.83276	0.30169	0.65825	0.75270	0.01253	-0.75278	0.65826	0.00340	-0.00569	-0.01167	0.99992	
194	1.93000	438.70274	-641.11740	284.77412	0.65974	-0.31116	49.03061	0.25625	0.65565	0.75497	0.01225	-0.75505	0.65566	0.00345	-0.00543	-0.01151	0.99992	
195	1.94000	439.52925	-641.71017	284.76731	0.66869	-0.31440	49.22359	0.26986	0.65310	0.75717	0.01242	-0.75725	0.65311	0.00347	-0.00549	-0.01167	0.99992	
196	1.95000	440.29643	-642.41210	284.73973	0.66305	-0.31602	49.40417	0.25843	0.65071	0.75923	0.01238	-0.75931	0.65072	0.00334	-0.00552	-0.01157	0.99992	
197	1.96000	441.10631	-643.04747	284.71567	0.66629	-0.31109	49.58585	0.27509	0.64830	0.76129	0.01237	-0.76137	0.64831	0.00341	-0.00543	-0.01163	0.99992	
198	1.97000	441.85942	-643.68185	284.70481	0.66931	-0.29968	49.76503	0.27517	0.64591	0.76331	0.01230	-0.76339	0.64593	0.00355	-0.00523	-0.01168	0.99992	
199	1.98000	442.62605	-644.34359	284.71893	0.67951	-0.30647	49.93353	0.31688	0.64367	0.76520	0.01252	-0.76529	0.64368	0.00354	-0.00535	-0.01186	0.99992	
200	1.99000	443.53486	-644.78541	284.66213	0.63876	-0.27424	50.11744	0.59887	0.64121	0.76728	0.01162	-0.76735	0.64122	0.00348	-0.00479	-0.01115	0.99993	
201	2.00000	444.29599	-645.43571	284.67113	0.65153	-0.28109	50.29692	0.61371	0.63880	0.76928	0.01188	-0.76936	0.63881	0.00349	-0.00491	-0.01137	0.99992	
202	2.01000	445.09157	-646.13150	284.68883	0.65323	-0.28853	50.46626	0.59325	0.63652	0.77116	0.01200	-0.77124	0.63654	0.00337	-0.00504	-0.01140	0.99992	
203	2.02000	445.84451	-646.81600	284.68939	0.66223	-0.29175	50.63057	0.52407	0.63431	0.77298	0.01216	-0.77306	0.63432	0.00340	-0.00509	-0.01156	0.99992	
204	2.03000	446.58454	-647.45480	284.68187	0.67607	-0.29786	50.80127	0.48322	0.63200	0.77487	0.01243	-0.77495	0.63202	0.00343	-0.00520	-0.01180	0.99992	
205	2.04000	447.34757	-648.08428	284.65716	0.66837	-0.30207	50.97102	0.44941	0.62970	0.77674	0.01238	-0.77682	0.62972	0.00325	-0.00527	-0.01166	0.99992	
206	2.05000	448.06589	-648.75030	284.65522	0.67217	-0.29717	51.14730	0.41146	0.62731	0.77867	0.01239	-0.77875	0.62732	0.00332	-0.00519	-0.01173	0.99992	
207	2.06000	448.77627	-649.36344	284.67008	0.66716	-0.29267	51.31548	0.41879	0.62502	0.78051	0.01228	-0.78059	0.62504	0.00329	-0.00511	-0.01164	0.99992	
208	2.07000	449.56227	-650.00843	284.63042	0.68800	-0.30471	51.49290	0.36568	0.62260	0.78243	0.01271	-0.78252	0.62262	0.00331	-0.00532	-0.01201	0.99991	
209	2.08000	450.22022	-650.57124	284.68880	0.66778	-0.26957	51.64972	0.37007	0.62046	0.78414	0.01206	-0.78422	0.62047	0.00354	-0.00470	-0.01165	0.99992	
210	2.09000	450.96969	-651.25464	284.58313	0.69397	-0.30236	51.83575	0.33410	0.61791	0.78615	0.01278	-0.78623	0.61792	0.00334	-0.00528	-0.01211	0.99991	
211	2.10000	451.74458	-651.85551	284.61939	0.69775	-0.30878	52.00342	0.35745	0.61561	0.78795	0.01291	-0.78804	0.61562	0.00325	-0.00539	-0.01218	0.99991	
212	2.11000	452.43649	-652.46087	284.62890	0.69934	-0.29966	52.16461	0.30425	0.61339	0.78968	0.01285	-0.78977	0.61340	0.00336	-0.00523	-0.01221	0.99991	
213	2.12000	453.16683	-653.07420	284.59089	0.69750	-0.30198	52.33474	0.27686	0.61104	0.79150	0.01286	-0.79158	0.61105	0.00327	-0.00527	-0.01217	0.99991	
214	2.13000	453.91765	-653.65705	284.54353	0.69813	-0.30766	52.49455	0.24720	0.60883	0.79320	0.01293	-0.79328	0.60884	0.00316	-0.00537	-0.01218	0.99991	
215	2.14000	454.59752	-654.21557	284.54901	0.69121	-0.29178	52.65315	0.23203	0.60663	0.79488	0.01268	-0.79497	0.60664	0.00327	-0.00509	-0.01206	0.99991	
216	2.15000	455.35063	-654.78919	284.54553	0.69182	-0.30577	52.81472	0.21660	0.60439	0.79659	0.01284	-0.79667	0.60440	0.00305	-0.00534	-0.01207	0.99991	
217	2.16000	456.07387	-655.31196	284.58258	0.69677	-0.29052	52.97123	0.24106	0.60221	0.79824	0.01276	-0.79832	0.60222	0.00328	-0.00507	-0.01216	0.99991	
218	2.17000	456.79265	-655.85101	284.55561	0.69214	-0.29168	53.14674	0.28262	0.59976	0.80008	0.01272	-0.80016	0.59977	0.00317	-0.00509	-0.01208	0.99991	
219	2.18000	457.52324	-656.30804	284.49449	0.69161	-0.27258	53.30394	0.25115	0.59756	0.80172	0.01252	-0.80181	0.59757	0.00340	-0.00476	-0.01207	0.99992	
220	2.19000	458.30134	-656.94307	284.53638	0.67556	-0.28352	53.46998	0.23495	0.59524	0.80345	0.01242	-0.80354	0.59525	0.00304	-0.00495	-0.01179	0.99992	
221	2.20000	459.00373	-657.48279	284.54714	0.67980	-0.26602	53.63269	0.27461	0.59295	0.80514	0.01231	-0.80522	0.59296	0.00330	-0.00464	-0.01186	0.99992	
222	2.21000	459.81092	-658.00187	284.45883	0.71495	-0.27977	53.81242	0.24502	0.59042	0.80699	0.01295	-0.80708	0.59043	0.00343	-0.00488	-0.01248	0.99991	
223	2.22000	460.50313	-658.52811	284.47139	0.70191	-0.25561	53.98870	0.29271	0.58794	0.80881	0.01253	-0.80889	0.58794	0.00359	-0.00446	-0.01225	0.99992	
224	2.23000	461.25348	-659.06816	284.46874	0.71538	-0.26349	54.16087	0.28710	0.58551	0.81057	0.01281	-0.81066	0.58551	0.00358	-0.00460	-0.01249	0.99991	
225	2.24000	462.06123	-659.69279	284.49480	0.70913	-0.26432	54.32145	0.30444	0.58323	0.81221	0.01274	-0.81229	0.58324	0.00347	-0.00461	-0.01238	0.99991	
226	2.25000	462.78262	-660.20382	284.47312	0.72007	-0.23283	54.49382	0.31888	0.58079	0.81396	0.01259	-0.81405	0.58079	0.00399	-0.00406	-0.01257	0.99991	
227	2.26000	463.56150	-660.72933	284.47484	0.72538	-0.23246	54.65412	0.30145	0.57851	0.81558	0.01267	-0.81567	0.57851	0.00401	-0.00406	-0.01266	0.99991	
228	2.27000	464.38987	-661.33404	284.40408	0.73482	-0.25604	54.82969	0.26829	0.57600	0.81734	0.01306	-0.81744	0.57601	0.00373	-0.00447	-0.01282	0.99991	
229	2.28000	465.10224	-661.92372	284.38603	0.72348	-0.25776	55.00144	0.27798	0.57355	0.81907	0.01292	-0.81916	0.57356	0.00356	-0.00450	-0.01263	0.99991	
230	2.29000	465.91232	-662.47107	284.36950	0.74335	-0.25699	55.15638	0.30572	0.57133	0.82061	0.01321	-0.82071	0.57134	0.00373	-0.00449	-0.01297	0.99991	
231	2.30000	466.81595	-662.98931	284.38247	0.72153	-0.25454	55.33539	0.31352	0.56877	0.82240	0.01288	-0.82249	0.56877	0.00351	-0.00444	-0.01259	0.99991	
232	2.31000	467.59857	-663.48542	284.39647	0.72744	-0.23934	55.50085	0.36011	0.56639	0.82404	0.01283	-0.82413	0.56639	0.00375	-0.00418	-0.01270	0.99991	
233	2.32000	468.27037	-663.95399	284.36008	0.73081	-0.23760	55.67573	0.32713	0.56387	0.82576	0.01287	-0.82585	0.56387	0.00377	-0.00415	-0.01275	0.99991	
234	2.33000	469.12209	-664.56790	284.35348	0.72917	-0.23379	55.85939	0.36197	0.56122	0.82757	0.01282	-0.82766	0.56122	0.00377	-0.00408	-0.01273	0.99991	
235	2.34000	470.01245	-665.13177	284.33946	0.74273	-0.23674	56.01690	0.36932	0.55894	0.82910	0.01306	-0.82920	0.55895	0.00382	-0.00413	-0.01296	0.99991	
236	2.35000	470.83192	-665.73153	284.32446	0.73697	-0.24009	56.19310	0.34309	0.55639	0.83082	0.01302	-0.83091	0.55639	0.00367	-0.00419	-0.01286	0.99991	
237	2.36000	471.52369	-666.25696	284.26925	0.73588	-0.24476	56.38020	0.25828	0.55367	0.83263	0.01306	-0.83272	0.55368	0.00355	-0.00427	-0.01284	0.99991	
238	2.37000	472.36920	-666.82662	284.27640	0.72879	-0.24587	56.56469	0.26238	0.55099	0.83441	0.01298	-0.83450	0.55100	0.00343	-0.00429	-0.01272	0.99991	
239	2.38000	473.30673	-667.41077	284.27045	0.73303	-0.23997	56.72765	0.31478	0.54861	0.83597	0.01299	-0.83606	0.54862	0.00352	-0.00419	-0.01279	0.99991	
240	2.39000	474.12159	-668.03833	284.27472	0.72170	-0.24150	56.90427	0.26783	0.54603	0.83766	0.01285	-0.83775	0.54604	0.00335	-0.00422	-0.01260	0.99991	
241	2.40000	474.87663	-668.52625	284.23407	0.73324	-0.24378	57.09453	0.24106	0.54325	0.83947	0.01306	-0.83956	0.54326	0.00338	-0.00425	-0.01280	0.99991	
242	2.41000	475.70129	-669.08146	284.22794	0.73192	-0.24362	57.26397	0.22924	0.54076	0.84107	0.01304	-0.84116	0.54077	0.00333	-0.00425	-0.01277	0.99991	
243	2.42000	476.68194	-669.65855	284.25033	0.73755	-0.25221	57.42431	0.24933	0.53841	0.84258	0.01322	-0.84267	0.53842	0.00322	-0.00440	-0.01287	0.99991	
244	2.43000	477.52599	-670.16099	284.23769	0.73456	-0.25846	57.59647	0.21606	0.53587	0.84419	0.01324	-0.84429	0.53588	0.00306	-0.00451	-0.01282	0.99991	
245	2.44000	478.28187	-670.65806	284.22738	0.73371	-0.24841	57.77131	0.17935	0.53329	0.84583	0.01314	-0.84592	0.53330	0.00316	-0.00434	-0.01281	0.99991	
246	2.45000	479.14677	-671.17578	284.23636	0.74728	-0.23926	57.94711	0.20912	0.53070	0.84746	0.01327	-0.84755	0.53070	0.00338	-0.00418	-0.01304	0.99991	
247	2.46000	480.04769	-671.71227	284.24299	0.75138	-0.24035	58.10897	0.23563	0.52830	0.84895	0.01335	-0.84905	0.52831	0.00337	-0.00419	-0.01311	0.99991	
248	2.47000	480.89040	-672.23485	284.23135	0.74782	-0.23845	58.27710	0.24094	0.52581	0.85050	0.01329	-0.85059	0.52581	0.00332	-0.00416	-0.01305	0.99991	
249	2.48000	481.64677	-672.68630	284.21630	0.74062	-0.23933	58.46101	0.19504	0.52307	0.85218	0.01320	-0.85228	0.52308	0.00320	-0.00418	-0.01293	0.99991	
250	2.49000	482.46284	-673.20031	284.19541	0.74095	-0.24555	58.62970	0.16582	0.52056	0.85372	0.01327	-0.85381	0.52057	0.00307	-0.00429	-0.01293	0.99991	
251	2.50000	483.28702	-673.71774	284.19611	0.74205	-0.23433	58.81224	0.17365	0.51784	0.85538	0.01320	-0.85547	0.51785	0.00321	-0.00409	-0.01295	0.99991	
252	2.51000	484.13150	-674.21984	284.20427	0.74066	-0.23683	58.99378	0.18513	0.51513	0.85701	0.01321	-0.85710	0.51513	0.00312	-0.00413	-0.01293	0.99991	
253	2.52000	484.95629	-674.71742	284.20417	0.74026	-0.24336	59.16315	0.20145	0.51259	0.85853	0.01327	-0.85862	0.51260	0.00298	-0.00425	-0.01292	0.99991	
254	2.53000	485.79531	-675.23224	284.19203	0.74884	-0.24419	59.33377	0.20274	0.51003	0.86005	0.01342	-0.86015	0.51004	0.00300	-0.00426	-0.01307	0.99991	
255	2.54000	486.71933	-675.78084	284.16509	0.75228	-0.23739	59.50545	0.23129	0.50745	0.86158	0.01342	-0.86167	0.50746	0.00309	-0.00414	-0.01313	0.99991	
256	2.55000	487.54977	-676.29052	284.16779	0.75015	-0.23773	59.67591	0.22703	0.50489	0.86308	0.01340	-0.86318	0.50489	0.00303	-0.00415	-0.01309	0.99991	
257	2.56000	488.36862	-676.78466	284.17974	0.75275	-0.22961	59.85067	0.22718	0.50225	0.86462	0.01337	-0.86471	0.50226	0.00313	-0.00401	-0.01314	0.99991	
258	2.57000	489.20903	-677.27935	284.14998	0.75365	-0.24922	60.03071	0.20744	0.49953	0.86619	0.01357	-0.86629	0.49954	0.00280	-0.00435	-0.01315	0.99990	
