NO_OF_FRAMES	3915
NO_OF_CAMERAS	20
NO_OF_BODIES	1
FREQUENCY	100
NO_OF_ANALOG	0
ANALOG_FREQUENCY	0
DESCRIPTION	--
TIME_STAMP	2021-01-29, 17:17:45.381	3507.33998200
DATA_INCLUDED	6D
BODY_NAMES	Tiago_Base
BODY_FILTERS	No filter
Frame	Time	Tiago_Base X	Y	Z	Roll	Pitch	Yaw	Residual	Rot[0]	Rot[1]	Rot[2]	Rot[3]	Rot[4]	Rot[5]	Rot[6]	Rot[7]	Rot[8]	
1	0.00000	572.69441	182.62393	287.61425	0.33577	-0.25198	35.83910	0.35033	0.81066	0.58548	0.00700	-0.58551	0.81067	0.00218	-0.00440	-0.00586	0.99997	
2	0.01000	572.67603	182.63811	287.63697	0.33806	-0.25033	36.00711	0.36108	0.80894	0.58785	0.00700	-0.58788	0.80895	0.00220	-0.00437	-0.00590	0.99997	
3	0.02000	572.66985	182.65760	287.63323	0.32997	-0.24776	36.17770	0.34648	0.80718	0.59026	0.00689	-0.59029	0.80719	0.00210	-0.00432	-0.00576	0.99997	
4	0.03000	572.65781	182.72338	287.59308	0.33665	-0.24816	36.34775	0.34623	0.80543	0.59265	0.00697	-0.59268	0.80544	0.00217	-0.00433	-0.00588	0.99997	
5	0.04000	572.67097	182.68887	287.63278	0.32196	-0.24591	36.52003	0.31071	0.80364	0.59508	0.00679	-0.59510	0.80365	0.00196	-0.00429	-0.00562	0.99998	
6	0.05000	572.71172	182.73287	287.55545	0.34097	-0.26133	36.69432	0.26979	0.80183	0.59751	0.00721	-0.59754	0.80184	0.00205	-0.00456	-0.00595	0.99997	
7	0.06000	572.61550	182.16583	287.66844	0.35989	-0.29562	36.81623	0.23727	0.80055	0.59921	0.00789	-0.59924	0.80057	0.00194	-0.00516	-0.00628	0.99997	
8	0.07000	572.63535	182.30583	287.61898	0.33206	-0.28933	36.99263	0.36232	0.79870	0.60168	0.00752	-0.60170	0.79872	0.00159	-0.00505	-0.00580	0.99997	
9	0.08000	572.61064	182.38644	287.58394	0.35052	-0.27419	37.16759	0.26457	0.79686	0.60411	0.00751	-0.60414	0.79687	0.00198	-0.00479	-0.00612	0.99997	
10	0.09000	572.63320	182.43254	287.59493	0.34886	-0.26970	37.33561	0.26498	0.79509	0.60645	0.00744	-0.60648	0.79510	0.00199	-0.00471	-0.00609	0.99997	
11	0.10000	572.60826	182.59819	287.60768	0.34747	-0.27597	37.48623	0.19084	0.79349	0.60854	0.00751	-0.60856	0.79350	0.00188	-0.00482	-0.00606	0.99997	
12	0.11000	572.61880	182.63010	287.58820	0.35076	-0.27770	37.65936	0.20065	0.79165	0.61093	0.00758	-0.61096	0.79166	0.00189	-0.00485	-0.00612	0.99997	
13	0.12000	572.62797	182.66217	287.58787	0.34928	-0.27819	37.82561	0.20038	0.78987	0.61323	0.00757	-0.61325	0.78988	0.00184	-0.00486	-0.00610	0.99997	
14	0.13000	572.62395	182.71332	287.59247	0.36141	-0.27524	38.00145	0.19316	0.78799	0.61565	0.00767	-0.61567	0.78800	0.00201	-0.00480	-0.00631	0.99997	
15	0.14000	572.58428	182.76205	287.59399	0.36125	-0.26851	38.17654	0.19252	0.78610	0.61805	0.00758	-0.61808	0.78611	0.00206	-0.00469	-0.00630	0.99997	
16	0.15000	572.56891	182.79292	287.59509	0.36578	-0.26647	38.34722	0.17966	0.78426	0.62039	0.00761	-0.62042	0.78427	0.00212	-0.00465	-0.00638	0.99997	
17	0.16000	572.54563	182.80858	287.59089	0.37428	-0.26526	38.52802	0.18427	0.78230	0.62286	0.00769	-0.62289	0.78231	0.00223	-0.00463	-0.00653	0.99997	
18	0.17000	572.55559	182.84336	287.61046	0.37330	-0.26064	38.70662	0.18541	0.78035	0.62530	0.00762	-0.62533	0.78036	0.00224	-0.00455	-0.00652	0.99997	
19	0.18000	572.57417	182.89572	287.59495	0.36934	-0.26921	38.88305	0.19981	0.77842	0.62770	0.00770	-0.62773	0.77843	0.00207	-0.00470	-0.00645	0.99997	
20	0.19000	572.58435	182.95024	287.60340	0.37048	-0.27206	39.05298	0.21844	0.77655	0.63000	0.00776	-0.63003	0.77657	0.00203	-0.00475	-0.00647	0.99997	
21	0.20000	572.61891	183.06308	287.60092	0.37583	-0.27480	39.22405	0.32093	0.77467	0.63232	0.00786	-0.63235	0.77468	0.00205	-0.00480	-0.00656	0.99997	
22	0.21000	572.60688	183.06986	287.60119	0.37437	-0.27317	39.39275	0.29837	0.77281	0.63460	0.00783	-0.63463	0.77282	0.00202	-0.00477	-0.00653	0.99997	
23	0.22000	572.60669	183.07746	287.58658	0.38124	-0.27065	39.56995	0.25910	0.77084	0.63698	0.00788	-0.63701	0.77085	0.00212	-0.00472	-0.00665	0.99997	
24	0.23000	572.60179	183.12586	287.58821	0.38662	-0.27023	39.74479	0.24247	0.76889	0.63933	0.00794	-0.63936	0.76890	0.00217	-0.00472	-0.00675	0.99997	
25	0.24000	572.61481	183.14996	287.59297	0.38589	-0.27263	39.91296	0.24234	0.76701	0.64158	0.00797	-0.64162	0.76702	0.00211	-0.00476	-0.00673	0.99997	
26	0.25000	572.62118	183.21015	287.56970	0.40376	-0.26320	40.09348	0.24032	0.76499	0.64400	0.00805	-0.64403	0.76500	0.00243	-0.00459	-0.00705	0.99996	
27	0.26000	572.61669	183.25220	287.56484	0.40454	-0.26619	40.27461	0.25164	0.76295	0.64641	0.00811	-0.64644	0.76296	0.00238	-0.00465	-0.00706	0.99996	
28	0.27000	572.59050	183.28239	287.56020	0.40033	-0.25339	40.43987	0.24632	0.76108	0.64861	0.00790	-0.64864	0.76109	0.00245	-0.00442	-0.00699	0.99997	
29	0.28000	572.59506	183.31616	287.57217	0.40014	-0.25276	40.60913	0.23609	0.75916	0.65086	0.00789	-0.65089	0.75917	0.00243	-0.00441	-0.00698	0.99997	
30	0.29000	572.58694	183.35086	287.58405	0.39828	-0.24643	40.77937	0.23038	0.75722	0.65311	0.00780	-0.65314	0.75723	0.00245	-0.00430	-0.00695	0.99997	
31	0.30000	572.61354	183.40168	287.60441	0.40636	-0.24824	40.95150	0.23224	0.75526	0.65538	0.00792	-0.65541	0.75527	0.00252	-0.00433	-0.00709	0.99997	
32	0.31000	572.61414	183.42961	287.60776	0.41219	-0.25107	41.12124	0.23082	0.75331	0.65761	0.00803	-0.65765	0.75332	0.00254	-0.00438	-0.00719	0.99996	
33	0.32000	572.62631	183.46282	287.57718	0.40019	-0.24813	41.29471	0.22903	0.75132	0.65989	0.00786	-0.65993	0.75133	0.00239	-0.00433	-0.00698	0.99997	
34	0.33000	572.62055	183.49062	287.57736	0.40133	-0.24621	41.47131	0.23331	0.74928	0.66221	0.00786	-0.66224	0.74929	0.00240	-0.00430	-0.00700	0.99997	
35	0.34000	572.60802	183.54002	287.56847	0.40375	-0.24546	41.64842	0.22267	0.74723	0.66452	0.00788	-0.66455	0.74724	0.00242	-0.00428	-0.00705	0.99997	
36	0.35000	572.60887	183.55833	287.57977	0.41165	-0.24873	41.81100	0.21434	0.74534	0.66664	0.00803	-0.66667	0.74535	0.00246	-0.00434	-0.00718	0.99996	
37	0.36000	572.62310	183.60676	287.57385	0.42098	-0.25437	41.98843	0.21285	0.74327	0.66894	0.00821	-0.66897	0.74328	0.00249	-0.00444	-0.00735	0.99996	
38	0.37000	572.61693	183.61334	287.57636	0.42231	-0.25907	42.17321	0.21362	0.74111	0.67133	0.00830	-0.67137	0.74112	0.00243	-0.00452	-0.00737	0.99996	
39	0.38000	572.62185	183.64960	287.55750	0.41649	-0.25813	42.34866	0.21909	0.73905	0.67360	0.00823	-0.67363	0.73906	0.00234	-0.00451	-0.00727	0.99996	
40	0.39000	572.62570	183.67167	287.56809	0.41846	-0.25544	42.52198	0.22173	0.73701	0.67583	0.00822	-0.67587	0.73702	0.00237	-0.00446	-0.00730	0.99996	
41	0.40000	572.58903	183.68831	287.59106	0.41949	-0.25157	42.68802	0.21191	0.73505	0.67796	0.00819	-0.67800	0.73506	0.00240	-0.00439	-0.00732	0.99996	
42	0.41000	572.58826	183.71931	287.58715	0.41106	-0.24642	42.85593	0.20135	0.73306	0.68012	0.00803	-0.68015	0.73307	0.00233	-0.00430	-0.00717	0.99997	
43	0.42000	572.59953	183.74778	287.60509	0.40640	-0.24267	43.02842	0.21254	0.73101	0.68232	0.00794	-0.68235	0.73102	0.00230	-0.00424	-0.00709	0.99997	
44	0.43000	572.69110	183.79174	287.63855	0.42370	-0.26955	43.20156	0.31545	0.72894	0.68452	0.00849	-0.68456	0.72895	0.00217	-0.00470	-0.00739	0.99996	
45	0.44000	572.66963	183.82633	287.65967	0.42767	-0.27322	43.37574	0.33969	0.72686	0.68673	0.00859	-0.68677	0.72687	0.00215	-0.00477	-0.00746	0.99996	
46	0.45000	572.65227	183.86898	287.65025	0.43823	-0.27800	43.55505	0.36355	0.72470	0.68900	0.00879	-0.68904	0.72472	0.00220	-0.00485	-0.00765	0.99996	
47	0.46000	572.63728	183.91403	287.64397	0.43579	-0.27480	43.73576	0.34941	0.72253	0.69129	0.00872	-0.69133	0.72254	0.00218	-0.00480	-0.00761	0.99996	
48	0.47000	572.61085	183.92837	287.66573	0.43188	-0.28119	43.90963	0.34291	0.72043	0.69348	0.00876	-0.69351	0.72044	0.00203	-0.00491	-0.00754	0.99996	
49	0.48000	572.58767	183.96303	287.65600	0.43080	-0.27771	44.08530	0.33454	0.71830	0.69568	0.00871	-0.69572	0.71831	0.00203	-0.00485	-0.00752	0.99996	
50	0.49000	572.58333	184.00817	287.65454	0.44041	-0.28551	44.25898	0.33549	0.71618	0.69785	0.00893	-0.69789	0.71620	0.00203	-0.00498	-0.00769	0.99996	
51	0.50000	572.56758	184.05826	287.66544	0.43730	-0.28696	44.42671	0.34293	0.71414	0.69995	0.00892	-0.69999	0.71415	0.00194	-0.00501	-0.00763	0.99996	
52	0.51000	572.55903	184.09604	287.65578	0.43395	-0.28374	44.60947	0.33646	0.71190	0.70222	0.00884	-0.70226	0.71192	0.00191	-0.00495	-0.00757	0.99996	
53	0.52000	572.56034	184.13399	287.65504	0.42194	-0.28651	44.78627	0.33291	0.70973	0.70442	0.00874	-0.70446	0.70975	0.00170	-0.00500	-0.00736	0.99996	
54	0.53000	572.56730	184.14898	287.67648	0.42359	-0.28553	44.95665	0.33867	0.70763	0.70653	0.00875	-0.70656	0.70765	0.00171	-0.00498	-0.00739	0.99996	
55	0.54000	572.55894	184.19525	287.65689	0.42983	-0.28501	45.12735	0.34480	0.70552	0.70863	0.00883	-0.70867	0.70554	0.00177	-0.00497	-0.00750	0.99996	
56	0.55000	572.53612	184.23889	287.64157	0.42075	-0.27664	45.30114	0.33127	0.70337	0.71077	0.00862	-0.71081	0.70339	0.00173	-0.00483	-0.00734	0.99996	
57	0.56000	572.53971	184.28270	287.63299	0.41431	-0.27035	45.47398	0.31446	0.70123	0.71289	0.00846	-0.71292	0.70124	0.00171	-0.00472	-0.00723	0.99996	
58	0.57000	572.51157	184.32028	287.64091	0.42979	-0.26728	45.65452	0.30698	0.69898	0.71509	0.00863	-0.71513	0.69899	0.00191	-0.00466	-0.00750	0.99996	
59	0.58000	572.50862	184.35848	287.64290	0.44174	-0.27495	45.82449	0.32859	0.69685	0.71716	0.00887	-0.71720	0.69686	0.00193	-0.00480	-0.00771	0.99996	
60	0.59000	572.46250	184.41169	287.63791	0.43026	-0.26967	45.99841	0.32558	0.69467	0.71928	0.00867	-0.71931	0.69468	0.00183	-0.00471	-0.00751	0.99996	
61	0.60000	572.44051	184.46004	287.65884	0.42197	-0.26192	46.16852	0.33136	0.69253	0.72134	0.00848	-0.72137	0.69255	0.00180	-0.00457	-0.00736	0.99996	
62	0.61000	572.41692	184.51488	287.64960	0.41428	-0.26065	46.32980	0.34111	0.69050	0.72328	0.00837	-0.72332	0.69051	0.00170	-0.00455	-0.00723	0.99996	
63	0.62000	572.42618	184.53300	287.67296	0.41920	-0.26203	46.50771	0.32901	0.68825	0.72542	0.00846	-0.72546	0.68826	0.00172	-0.00457	-0.00732	0.99996	
64	0.63000	572.41989	184.55458	287.66028	0.42215	-0.27031	46.67955	0.33037	0.68607	0.72748	0.00860	-0.72752	0.68608	0.00162	-0.00472	-0.00737	0.99996	
65	0.64000	572.40020	184.56774	287.65348	0.42486	-0.26748	46.84607	0.32543	0.68395	0.72948	0.00860	-0.72951	0.68397	0.00167	-0.00467	-0.00741	0.99996	
66	0.65000	572.38382	184.63749	287.64667	0.42253	-0.26586	47.00747	0.32063	0.68190	0.73140	0.00856	-0.73143	0.68191	0.00163	-0.00464	-0.00737	0.99996	
67	0.66000	572.39593	184.67397	287.65755	0.42646	-0.26685	47.17700	0.31915	0.67973	0.73341	0.00862	-0.73345	0.67974	0.00164	-0.00466	-0.00744	0.99996	
68	0.67000	572.40971	184.72107	287.66296	0.42616	-0.26535	47.35547	0.32974	0.67744	0.73553	0.00861	-0.73556	0.67745	0.00163	-0.00463	-0.00744	0.99996	
69	0.68000	572.41122	184.76388	287.65606	0.42812	-0.26304	47.52122	0.31678	0.67531	0.73748	0.00861	-0.73752	0.67532	0.00166	-0.00459	-0.00747	0.99996	
70	0.69000	572.36368	184.77200	287.65529	0.41796	-0.25928	47.68420	0.31597	0.67321	0.73940	0.00844	-0.73944	0.67322	0.00156	-0.00453	-0.00729	0.99996	
71	0.70000	572.35935	184.78578	287.65113	0.40979	-0.26182	47.85048	0.31179	0.67106	0.74136	0.00837	-0.74139	0.67107	0.00141	-0.00457	-0.00715	0.99996	
72	0.71000	572.27685	184.82246	287.67952	0.41038	-0.25503	48.00493	0.33660	0.66906	0.74316	0.00830	-0.74319	0.66907	0.00148	-0.00445	-0.00716	0.99996	
73	0.72000	572.27464	184.88677	287.69794	0.41741	-0.25898	48.15910	0.34841	0.66706	0.74496	0.00844	-0.74499	0.66707	0.00149	-0.00452	-0.00728	0.99996	
74	0.73000	572.25449	184.93405	287.70564	0.42856	-0.25906	48.31904	0.33227	0.66498	0.74682	0.00859	-0.74685	0.66499	0.00160	-0.00452	-0.00748	0.99996	
75	0.74000	572.25872	184.95351	287.68564	0.43102	-0.26362	48.48698	0.33916	0.66278	0.74876	0.00868	-0.74880	0.66280	0.00154	-0.00460	-0.00752	0.99996	
76	0.75000	572.22467	184.96620	287.68109	0.43826	-0.26266	48.65720	0.34204	0.66056	0.75073	0.00877	-0.75076	0.66057	0.00161	-0.00458	-0.00765	0.99996	
77	0.76000	572.16946	184.95023	287.63825	0.43088	-0.26434	48.83120	0.30357	0.65827	0.75273	0.00870	-0.75277	0.65829	0.00148	-0.00461	-0.00752	0.99996	
78	0.77000	572.19869	185.00329	287.62669	0.44176	-0.26784	49.00734	0.27056	0.65596	0.75475	0.00889	-0.75479	0.65597	0.00153	-0.00467	-0.00771	0.99996	
79	0.78000	572.22548	185.03058	287.61735	0.44104	-0.27056	49.18324	0.25531	0.65363	0.75676	0.00891	-0.75680	0.65365	0.00146	-0.00472	-0.00770	0.99996	
80	0.79000	572.17704	185.05952	287.63687	0.44058	-0.26396	49.35508	0.26608	0.65136	0.75872	0.00884	-0.75875	0.65138	0.00151	-0.00461	-0.00769	0.99996	
81	0.80000	572.14747	185.09830	287.64461	0.44326	-0.26280	49.53551	0.26238	0.64897	0.76076	0.00886	-0.76080	0.64898	0.00153	-0.00459	-0.00774	0.99996	
82	0.81000	572.13036	185.11092	287.62724	0.43617	-0.25975	49.70245	0.25123	0.64675	0.76265	0.00874	-0.76269	0.64676	0.00147	-0.00453	-0.00761	0.99996	
83	0.82000	572.09491	185.12291	287.63587	0.44023	-0.25715	49.88039	0.22847	0.64438	0.76466	0.00877	-0.76469	0.64439	0.00152	-0.00449	-0.00768	0.99996	
84	0.83000	572.07904	185.15946	287.64337	0.43805	-0.26033	50.04508	0.20200	0.64218	0.76651	0.00878	-0.76654	0.64219	0.00143	-0.00454	-0.00765	0.99996	
85	0.84000	572.06393	185.19208	287.65286	0.44171	-0.26123	50.21280	0.19699	0.63993	0.76838	0.00884	-0.76842	0.63995	0.00143	-0.00456	-0.00771	0.99996	
86	0.85000	572.06035	185.20496	287.63765	0.43968	-0.26853	50.38006	0.19704	0.63769	0.77025	0.00890	-0.77028	0.63770	0.00128	-0.00469	-0.00767	0.99996	
87	0.86000	572.02497	185.20556	287.64404	0.44346	-0.27334	50.55221	0.23335	0.63537	0.77216	0.00901	-0.77220	0.63538	0.00123	-0.00477	-0.00774	0.99996	
88	0.87000	572.01628	185.22122	287.64887	0.44819	-0.27476	50.70375	0.23220	0.63332	0.77383	0.00909	-0.77387	0.63334	0.00124	-0.00480	-0.00782	0.99996	
89	0.88000	571.98988	185.25957	287.65011	0.44668	-0.27355	50.86719	0.21919	0.63111	0.77564	0.00906	-0.77568	0.63113	0.00122	-0.00477	-0.00780	0.99996	
90	0.89000	571.95214	185.26904	287.65193	0.44769	-0.27438	51.02934	0.19623	0.62892	0.77742	0.00909	-0.77746	0.62893	0.00119	-0.00479	-0.00781	0.99996	
91	0.90000	571.93588	185.30831	287.65589	0.44576	-0.27289	51.19443	0.21469	0.62667	0.77923	0.00905	-0.77927	0.62669	0.00116	-0.00476	-0.00778	0.99996	
92	0.91000	571.88712	185.32261	287.67783	0.44326	-0.26836	51.36125	0.20673	0.62440	0.78105	0.00897	-0.78109	0.62442	0.00117	-0.00468	-0.00774	0.99996	
93	0.92000	571.88441	185.34886	287.68958	0.44625	-0.27180	51.52160	0.21787	0.62221	0.78280	0.00905	-0.78283	0.62223	0.00113	-0.00474	-0.00779	0.99996	
94	0.93000	571.83687	185.34107	287.68135	0.43890	-0.26303	51.67855	0.21298	0.62007	0.78450	0.00886	-0.78454	0.62008	0.00115	-0.00459	-0.00766	0.99996	
95	0.94000	571.82062	185.40400	287.66385	0.43833	-0.26138	51.84507	0.21245	0.61778	0.78630	0.00883	-0.78633	0.61780	0.00114	-0.00456	-0.00765	0.99996	
96	0.95000	571.78864	185.46583	287.69626	0.43890	-0.25476	52.00613	0.22284	0.61557	0.78803	0.00877	-0.78807	0.61559	0.00121	-0.00445	-0.00766	0.99996	
97	0.96000	571.78452	185.50684	287.71553	0.44182	-0.26127	52.17245	0.24291	0.61328	0.78982	0.00889	-0.78985	0.61330	0.00113	-0.00456	-0.00771	0.99996	
98	0.97000	571.76465	185.50698	287.69905	0.44323	-0.26218	52.33867	0.24025	0.61099	0.79159	0.00892	-0.79163	0.61100	0.00110	-0.00458	-0.00774	0.99996	
99	0.98000	571.74391	185.54282	287.69392	0.44691	-0.26772	52.49621	0.24554	0.60881	0.79327	0.00903	-0.79330	0.60882	0.00104	-0.00467	-0.00780	0.99996	
100	0.99000	571.75395	185.60325	287.68484	0.43927	-0.26964	52.65979	0.24233	0.60654	0.79500	0.00895	-0.79504	0.60656	0.00091	-0.00471	-0.00767	0.99996	
101	1.00000	571.73216	185.62238	287.71686	0.44516	-0.27001	52.83300	0.24845	0.60413	0.79683	0.00904	-0.79687	0.60415	0.00094	-0.00471	-0.00777	0.99996	
102	1.01000	571.70535	185.63028	287.73659	0.44262	-0.26434	53.01539	0.26068	0.60159	0.79875	0.00895	-0.79879	0.60161	0.00096	-0.00461	-0.00772	0.99996	
103	1.02000	571.65003	185.63329	287.72867	0.43792	-0.26084	53.18085	0.26081	0.59929	0.80049	0.00885	-0.80052	0.59930	0.00094	-0.00455	-0.00764	0.99996	
104	1.03000	571.63762	185.66956	287.70789	0.44228	-0.26277	53.34860	0.25612	0.59694	0.80224	0.00893	-0.80227	0.59696	0.00093	-0.00459	-0.00772	0.99996	
105	1.04000	571.62593	185.69723	287.72203	0.45016	-0.26098	53.51818	0.25717	0.59456	0.80400	0.00903	-0.80404	0.59458	0.00101	-0.00455	-0.00786	0.99996	
106	1.05000	571.62944	185.72944	287.72596	0.44414	-0.26459	53.69686	0.24979	0.59205	0.80585	0.00898	-0.80589	0.59207	0.00087	-0.00462	-0.00775	0.99996	
107	1.06000	571.68322	185.78573	287.70682	0.45394	-0.26590	53.88607	0.20959	0.58939	0.80780	0.00914	-0.80784	0.58940	0.00092	-0.00464	-0.00792	0.99996	
108	1.07000	571.63029	185.78704	287.68279	0.45461	-0.26579	54.06125	0.21661	0.58691	0.80960	0.00915	-0.80964	0.58693	0.00090	-0.00464	-0.00793	0.99996	
109	1.08000	571.60782	185.83121	287.67379	0.45173	-0.26833	54.23178	0.22079	0.58450	0.81134	0.00913	-0.81138	0.58452	0.00081	-0.00468	-0.00788	0.99996	
110	1.09000	571.56833	185.86792	287.71028	0.46216	-0.26710	54.40724	0.20891	0.58201	0.81313	0.00927	-0.81317	0.58203	0.00090	-0.00466	-0.00807	0.99996	
111	1.10000	571.58172	185.89753	287.73338	0.46230	-0.27181	54.58004	0.22021	0.57956	0.81488	0.00932	-0.81492	0.57958	0.00081	-0.00474	-0.00807	0.99996	
112	1.11000	571.57604	185.90946	287.73278	0.46193	-0.26629	54.75826	0.22448	0.57702	0.81668	0.00927	-0.81672	0.57704	0.00086	-0.00465	-0.00806	0.99996	
113	1.12000	571.55957	185.94608	287.72620	0.46292	-0.26545	54.94055	0.23297	0.57442	0.81851	0.00927	-0.81855	0.57444	0.00085	-0.00463	-0.00808	0.99996	
114	1.13000	571.54413	185.98414	287.73230	0.45929	-0.26912	55.10623	0.23594	0.57205	0.82017	0.00926	-0.82020	0.57207	0.00073	-0.00470	-0.00802	0.99996	
115	1.14000	571.51217	186.00836	287.73487	0.46258	-0.27286	55.28101	0.22331	0.56955	0.82191	0.00935	-0.82195	0.56957	0.00068	-0.00476	-0.00807	0.99996	
116	1.15000	571.44651	186.05036	287.80860	0.46271	-0.25189	55.45024	0.27894	0.56712	0.82359	0.00914	-0.82363	0.56713	0.00096	-0.00440	-0.00808	0.99996	
117	1.16000	571.43714	186.09818	287.80032	0.45582	-0.24591	55.61729	0.29445	0.56471	0.82524	0.00899	-0.82528	0.56473	0.00095	-0.00429	-0.00796	0.99996	
118	1.17000	571.40586	186.12637	287.79281	0.44235	-0.24355	55.77784	0.28441	0.56240	0.82682	0.00877	-0.82686	0.56241	0.00083	-0.00425	-0.00772	0.99996	
119	1.18000	571.38997	186.13316	287.79125	0.44114	-0.24137	55.94062	0.27933	0.56005	0.82841	0.00874	-0.82845	0.56006	0.00082	-0.00421	-0.00770	0.99996	
120	1.19000	571.37572	186.16278	287.81092	0.44695	-0.24414	56.10222	0.27564	0.55771	0.82999	0.00885	-0.83003	0.55772	0.00081	-0.00426	-0.00780	0.99996	
121	1.20000	571.34707	186.19480	287.82967	0.44963	-0.24407	56.27411	0.26958	0.55522	0.83166	0.00889	-0.83170	0.55523	0.00081	-0.00426	-0.00785	0.99996	
122	1.21000	571.35690	186.23201	287.83522	0.45322	-0.24479	56.44675	0.27970	0.55271	0.83333	0.00895	-0.83336	0.55272	0.00081	-0.00427	-0.00791	0.99996	
123	1.22000	571.34104	186.25774	287.80534	0.45192	-0.24743	56.61978	0.27797	0.55019	0.83499	0.00896	-0.83503	0.55020	0.00073	-0.00432	-0.00789	0.99996	
124	1.23000	571.31274	186.30069	287.78014	0.44892	-0.24592	56.79180	0.28598	0.54768	0.83664	0.00891	-0.83668	0.54769	0.00070	-0.00429	-0.00783	0.99996	
125	1.24000	571.29678	186.31987	287.80195	0.45671	-0.24868	56.96180	0.28919	0.54519	0.83826	0.00905	-0.83830	0.54521	0.00071	-0.00434	-0.00797	0.99996	
126	1.25000	571.28301	186.34857	287.81867	0.45712	-0.24192	57.13461	0.27598	0.54266	0.83990	0.00899	-0.83994	0.54268	0.00078	-0.00422	-0.00798	0.99996	
127	1.26000	571.27165	186.38696	287.81132	0.45104	-0.24635	57.31283	0.28789	0.54005	0.84159	0.00895	-0.84162	0.54006	0.00063	-0.00430	-0.00787	0.99996	
128	1.27000	571.22580	186.42728	287.81697	0.45829	-0.23997	57.48450	0.27642	0.53752	0.84320	0.00900	-0.84324	0.53754	0.00077	-0.00419	-0.00800	0.99996	
129	1.28000	571.20147	186.45487	287.84367	0.45650	-0.23856	57.64285	0.27795	0.53519	0.84468	0.00896	-0.84472	0.53521	0.00075	-0.00416	-0.00797	0.99996	
130	1.29000	571.21545	186.49464	287.83640	0.45728	-0.23844	57.81342	0.26975	0.53267	0.84627	0.00897	-0.84631	0.53269	0.00073	-0.00416	-0.00798	0.99996	
131	1.30000	571.22605	186.52343	287.82939	0.44911	-0.23643	57.98573	0.27559	0.53013	0.84787	0.00883	-0.84791	0.53014	0.00066	-0.00413	-0.00784	0.99996	
132	1.31000	571.21929	186.53626	287.80974	0.44290	-0.23655	58.14913	0.28384	0.52771	0.84938	0.00874	-0.84942	0.52772	0.00057	-0.00413	-0.00773	0.99996	
133	1.32000	571.22535	186.56924	287.82017	0.44919	-0.23181	58.31594	0.29457	0.52523	0.85091	0.00880	-0.85095	0.52525	0.00068	-0.00405	-0.00784	0.99996	
134	1.33000	571.22970	186.60449	287.84774	0.45012	-0.23236	58.47972	0.30112	0.52280	0.85241	0.00882	-0.85245	0.52281	0.00065	-0.00406	-0.00786	0.99996	
135	1.34000	571.20637	186.61497	287.84930	0.45021	-0.23071	58.64027	0.30514	0.52041	0.85387	0.00881	-0.85391	0.52042	0.00065	-0.00403	-0.00786	0.99996	
136	1.35000	571.21453	186.64530	287.83150	0.44893	-0.22981	58.80641	0.30862	0.51793	0.85538	0.00878	-0.85542	0.51794	0.00063	-0.00401	-0.00784	0.99996	
137	1.36000	571.21172	186.66002	287.82708	0.45725	-0.22553	58.97937	0.29907	0.51534	0.85694	0.00887	-0.85698	0.51536	0.00074	-0.00394	-0.00798	0.99996	
138	1.37000	571.20255	186.69354	287.82780	0.45925	-0.23205	59.14665	0.29576	0.51284	0.85844	0.00896	-0.85848	0.51285	0.00063	-0.00405	-0.00802	0.99996	
139	1.38000	571.16333	186.72247	287.83707	0.45809	-0.22635	59.30815	0.29845	0.51042	0.85988	0.00889	-0.85992	0.51043	0.00068	-0.00395	-0.00799	0.99996	
140	1.39000	571.15434	186.75202	287.84222	0.45881	-0.22373	59.47163	0.29458	0.50796	0.86133	0.00888	-0.86137	0.50798	0.00070	-0.00390	-0.00801	0.99996	
141	1.40000	571.17222	186.77518	287.82238	0.45656	-0.22336	59.64084	0.29550	0.50541	0.86283	0.00885	-0.86287	0.50543	0.00066	-0.00390	-0.00797	0.99996	
142	1.41000	571.17600	186.79024	287.82840	0.46023	-0.22911	59.81040	0.31502	0.50286	0.86432	0.00895	-0.86436	0.50287	0.00058	-0.00400	-0.00803	0.99996	
143	1.42000	571.13711	186.94861	287.82115	0.44213	-0.23343	59.98589	0.47658	0.50021	0.86586	0.00872	-0.86590	0.50023	0.00033	-0.00407	-0.00772	0.99996	
144	1.43000	571.17135	186.97142	287.86632	0.45890	-0.23444	60.15269	0.49293	0.49769	0.86731	0.00898	-0.86735	0.49770	0.00044	-0.00409	-0.00801	0.99996	
145	1.44000	571.16270	187.00804	287.86446	0.46460	-0.23566	60.32948	0.51020	0.49501	0.86884	0.00908	-0.86888	0.49502	0.00044	-0.00411	-0.00811	0.99996	
146	1.45000	571.13520	187.00632	287.85646	0.47282	-0.24319	60.51064	0.52116	0.49226	0.87040	0.00927	-0.87044	0.49228	0.00037	-0.00424	-0.00825	0.99996	
147	1.46000	571.11694	187.05789	287.85476	0.47743	-0.23812	60.68355	0.52833	0.48963	0.87188	0.00930	-0.87192	0.48965	0.00046	-0.00416	-0.00833	0.99996	
148	1.47000	571.08034	187.07484	287.87135	0.47324	-0.23416	60.85364	0.51191	0.48704	0.87333	0.00920	-0.87337	0.48706	0.00045	-0.00409	-0.00826	0.99996	
149	1.48000	571.06448	187.07658	287.90190	0.47339	-0.23148	61.03203	0.52240	0.48432	0.87484	0.00919	-0.87488	0.48433	0.00047	-0.00404	-0.00826	0.99996	
150	1.49000	571.03250	187.07296	287.89391	0.47345	-0.22613	61.20876	0.51655	0.48162	0.87633	0.00914	-0.87637	0.48163	0.00052	-0.00395	-0.00826	0.99996	
151	1.50000	571.02276	187.11145	287.88093	0.48439	-0.22920	61.37609	0.51113	0.47905	0.87774	0.00934	-0.87778	0.47907	0.00054	-0.00400	-0.00845	0.99996	
152	1.51000	571.01925	187.12504	287.86012	0.48589	-0.23315	61.54361	0.50798	0.47649	0.87913	0.00939	-0.87917	0.47650	0.00046	-0.00407	-0.00848	0.99996	
153	1.52000	571.01772	187.15102	287.87835	0.49499	-0.24409	61.71242	0.50109	0.47389	0.88053	0.00963	-0.88057	0.47391	0.00034	-0.00426	-0.00864	0.99995	
154	1.53000	570.98893	187.17070	287.89266	0.48908	-0.24387	61.88204	0.50279	0.47128	0.88193	0.00953	-0.88197	0.47130	0.00027	-0.00426	-0.00854	0.99995	
155	1.54000	570.98498	187.20234	287.87997	0.49368	-0.24280	62.05868	0.49090	0.46856	0.88338	0.00960	-0.88342	0.46858	0.00029	-0.00424	-0.00862	0.99995	
156	1.55000	570.94830	187.22229	287.87738	0.50292	-0.24713	62.22531	0.48690	0.46599	0.88474	0.00978	-0.88478	0.46601	0.00027	-0.00431	-0.00878	0.99995	
157	1.56000	570.92976	187.24833	287.86920	0.51418	-0.24534	62.38939	0.47282	0.46346	0.88606	0.00994	-0.88611	0.46348	0.00036	-0.00428	-0.00897	0.99995	
158	1.57000	570.90312	187.24093	287.90590	0.51527	-0.23996	62.55970	0.46672	0.46082	0.88744	0.00991	-0.88748	0.46084	0.00043	-0.00419	-0.00899	0.99995	
159	1.58000	570.88973	187.25122	287.90551	0.51623	-0.23717	62.72617	0.46422	0.45824	0.88877	0.00990	-0.88882	0.45826	0.00045	-0.00414	-0.00901	0.99995	
160	1.59000	570.88491	187.26314	287.90849	0.51535	-0.23305	62.89002	0.45405	0.45570	0.89008	0.00986	-0.89013	0.45571	0.00048	-0.00407	-0.00899	0.99995	
161	1.60000	570.82271	187.36606	287.84620	0.53597	-0.22419	63.05183	0.49765	0.45318	0.89136	0.01011	-0.89141	0.45320	0.00075	-0.00391	-0.00935	0.99995	
162	1.61000	570.80433	187.39844	287.86462	0.53796	-0.22810	63.20960	0.50711	0.45072	0.89261	0.01018	-0.89265	0.45074	0.00068	-0.00398	-0.00939	0.99995	
163	1.62000	570.79420	187.38682	287.88080	0.54410	-0.22949	63.36906	0.48817	0.44824	0.89385	0.01028	-0.89391	0.44826	0.00068	-0.00401	-0.00950	0.99995	
164	1.63000	570.75885	187.36590	287.88726	0.55222	-0.22947	63.52772	0.46775	0.44576	0.89509	0.01041	-0.89514	0.44578	0.00071	-0.00400	-0.00964	0.99995	
165	1.64000	570.77272	187.36618	287.87519	0.54989	-0.23539	63.69691	0.45313	0.44312	0.89640	0.01042	-0.89645	0.44313	0.00057	-0.00411	-0.00960	0.99995	
166	1.65000	570.78440	187.39453	287.86967	0.56206	-0.24253	63.85899	0.42860	0.44058	0.89765	0.01067	-0.89770	0.44060	0.00052	-0.00423	-0.00981	0.99994	
167	1.66000	570.73055	187.29734	287.89039	0.54755	-0.24122	64.03367	0.28254	0.43784	0.89899	0.01043	-0.89904	0.43786	0.00040	-0.00421	-0.00956	0.99995	
168	1.67000	570.72226	187.29486	287.88842	0.55308	-0.23693	64.19460	0.26743	0.43531	0.90022	0.01049	-0.90027	0.43533	0.00048	-0.00414	-0.00965	0.99994	
169	1.68000	570.73491	187.25040	287.94319	0.52954	-0.24140	64.35297	0.25749	0.43282	0.90142	0.01016	-0.90147	0.43284	0.00020	-0.00421	-0.00924	0.99995	
170	1.69000	570.67717	187.31267	287.86908	0.55147	-0.23170	64.52431	0.24267	0.43012	0.90271	0.01043	-0.90276	0.43014	0.00049	-0.00404	-0.00962	0.99995	
171	1.70000	570.67962	187.31554	287.87541	0.54495	-0.22822	64.68900	0.24262	0.42753	0.90394	0.01030	-0.90399	0.42755	0.00047	-0.00398	-0.00951	0.99995	
172	1.71000	570.63653	187.31425	287.86645	0.54373	-0.22643	64.85377	0.23138	0.42493	0.90517	0.01027	-0.90522	0.42494	0.00046	-0.00395	-0.00949	0.99995	
173	1.72000	570.61404	187.33716	287.87408	0.55032	-0.22222	65.02753	0.21288	0.42218	0.90645	0.01034	-0.90650	0.42220	0.00054	-0.00388	-0.00960	0.99995	
174	1.73000	570.60621	187.37470	287.85210	0.55558	-0.22943	65.19067	0.20269	0.41960	0.90765	0.01048	-0.90770	0.41962	0.00043	-0.00400	-0.00970	0.99994	
175	1.74000	570.58790	187.39085	287.84417	0.55597	-0.23623	65.35431	0.20061	0.41700	0.90884	0.01054	-0.90890	0.41702	0.00030	-0.00412	-0.00970	0.99994	
176	1.75000	570.56864	187.42701	287.85391	0.55642	-0.23798	65.53268	0.20231	0.41417	0.91014	0.01056	-0.91019	0.41419	0.00024	-0.00415	-0.00971	0.99994	
177	1.76000	570.58075	187.43988	287.87345	0.56313	-0.23950	65.71413	0.20284	0.41129	0.91144	0.01068	-0.91150	0.41131	0.00023	-0.00418	-0.00983	0.99994	
178	1.77000	570.55254	187.46252	287.89103	0.56212	-0.24106	65.87858	0.19186	0.40867	0.91262	0.01067	-0.91267	0.40869	0.00017	-0.00421	-0.00981	0.99994	
179	1.78000	570.57139	187.45368	287.88794	0.56486	-0.23875	66.04811	0.19330	0.40597	0.91383	0.01070	-0.91388	0.40599	0.00019	-0.00417	-0.00986	0.99994	
180	1.79000	570.57994	187.45550	287.86926	0.56479	-0.23400	66.21646	0.20123	0.40328	0.91501	0.01067	-0.91507	0.40330	0.00024	-0.00408	-0.00986	0.99994	
181	1.80000	570.55175	187.47224	287.86553	0.56440	-0.22841	66.38245	0.19967	0.40063	0.91618	0.01062	-0.91623	0.40065	0.00029	-0.00399	-0.00985	0.99994	
182	1.81000	570.52278	187.47808	287.89088	0.56425	-0.22532	66.54815	0.20132	0.39798	0.91733	0.01060	-0.91739	0.39799	0.00031	-0.00393	-0.00985	0.99994	
183	1.82000	570.51955	187.50698	287.87176	0.57055	-0.22458	66.71773	0.19761	0.39526	0.91851	0.01070	-0.91856	0.39528	0.00034	-0.00392	-0.00996	0.99994	
184	1.83000	570.50550	187.53800	287.83901	0.57370	-0.22865	66.88384	0.19510	0.39259	0.91965	0.01078	-0.91970	0.39261	0.00026	-0.00399	-0.01001	0.99994	
185	1.84000	570.47581	187.63987	287.83310	0.56805	-0.23117	67.05980	0.29106	0.38977	0.92085	0.01070	-0.92090	0.38979	0.00015	-0.00403	-0.00991	0.99994	
186	1.85000	570.45696	187.66030	287.84216	0.57124	-0.23517	67.22765	0.28185	0.38707	0.92199	0.01078	-0.92204	0.38709	0.00007	-0.00410	-0.00997	0.99994	
187	1.86000	570.43866	187.67207	287.86407	0.57808	-0.23490	67.39839	0.28516	0.38432	0.92314	0.01089	-0.92319	0.38434	0.00009	-0.00410	-0.01009	0.99994	
188	1.87000	570.42186	187.70082	287.85613	0.58949	-0.23054	67.57237	0.27534	0.38151	0.92430	0.01105	-0.92435	0.38153	0.00021	-0.00402	-0.01029	0.99994	
189	1.88000	570.39948	187.72768	287.87369	0.59081	-0.22990	67.74552	0.27704	0.37872	0.92545	0.01106	-0.92550	0.37874	0.00019	-0.00401	-0.01031	0.99994	
190	1.89000	570.34813	187.75078	287.85266	0.58579	-0.22476	67.91252	0.29108	0.37602	0.92655	0.01095	-0.92660	0.37604	0.00021	-0.00392	-0.01022	0.99994	
191	1.90000	570.33329	187.76086	287.89540	0.58589	-0.22225	68.08051	0.27982	0.37330	0.92765	0.01093	-0.92770	0.37332	0.00022	-0.00388	-0.01023	0.99994	
192	1.91000	570.29417	187.78156	287.88202	0.58765	-0.21989	68.24776	0.26997	0.37059	0.92873	0.01095	-0.92879	0.37061	0.00024	-0.00384	-0.01026	0.99994	
193	1.92000	570.26388	187.82962	287.84862	0.59088	-0.22573	68.41659	0.27252	0.36785	0.92982	0.01104	-0.92988	0.36787	0.00013	-0.00394	-0.01031	0.99994	
194	1.93000	570.27566	187.86869	287.84518	0.58862	-0.22743	68.58398	0.26595	0.36513	0.93089	0.01101	-0.93095	0.36516	0.00006	-0.00397	-0.01027	0.99994	
195	1.94000	570.26536	187.82398	287.83887	0.58809	-0.22582	68.73951	0.18832	0.36261	0.93188	0.01099	-0.93193	0.36263	0.00005	-0.00394	-0.01026	0.99994	
196	1.95000	570.25837	187.84934	287.85267	0.58242	-0.22533	68.89555	0.17885	0.36007	0.93286	0.01090	-0.93292	0.36009	-0.00001	-0.00393	-0.01016	0.99994	
197	1.96000	570.28077	187.87904	287.84869	0.58141	-0.22662	69.06172	0.17961	0.35736	0.93390	0.01089	-0.93396	0.35738	-0.00007	-0.00396	-0.01015	0.99994	
198	1.97000	570.28888	187.90492	287.84826	0.57589	-0.22569	69.23666	0.19669	0.35451	0.93499	0.01079	-0.93505	0.35453	-0.00012	-0.00394	-0.01005	0.99994	
199	1.98000	570.28524	187.92334	287.85882	0.58386	-0.22226	69.40334	0.19172	0.35178	0.93602	0.01090	-0.93607	0.35181	-0.00005	-0.00388	-0.01019	0.99994	
200	1.99000	570.25569	187.93920	287.87045	0.58839	-0.22190	69.56114	0.19984	0.34921	0.93698	0.01098	-0.93704	0.34923	-0.00004	-0.00387	-0.01027	0.99994	
201	2.00000	570.26263	187.94120	287.85636	0.59254	-0.22075	69.73366	0.20435	0.34638	0.93803	0.01104	-0.93809	0.34640	-0.00003	-0.00385	-0.01034	0.99994	
202	2.01000	570.27044	187.95624	287.84906	0.58799	-0.21065	69.90958	0.20132	0.34350	0.93909	0.01090	-0.93915	0.34352	0.00007	-0.00368	-0.01026	0.99994	
203	2.02000	570.25678	187.98407	287.84546	0.59046	-0.20038	70.08376	0.20338	0.34064	0.94013	0.01088	-0.94019	0.34066	0.00022	-0.00350	-0.01031	0.99994	
204	2.03000	570.21911	187.99525	287.85832	0.59269	-0.19712	70.25443	0.18464	0.33784	0.94114	0.01090	-0.94120	0.33786	0.00026	-0.00344	-0.01034	0.99994	
205	2.04000	570.17835	188.01473	287.83635	0.59181	-0.19988	70.43375	0.19103	0.33489	0.94219	0.01090	-0.94225	0.33491	0.00017	-0.00349	-0.01033	0.99994	
206	2.05000	570.19059	188.01521	287.85453	0.58979	-0.20974	70.61407	0.18497	0.33193	0.94324	0.01093	-0.94330	0.33195	-0.00004	-0.00366	-0.01029	0.99994	
207	2.06000	570.17511	188.06479	287.86570	0.59189	-0.20989	70.78967	0.18300	0.32903	0.94425	0.01096	-0.94431	0.32906	-0.00006	-0.00366	-0.01033	0.99994	
208	2.07000	570.14942	188.09721	287.86976	0.59589	-0.21449	70.96845	0.18309	0.32609	0.94528	0.01105	-0.94533	0.32611	-0.00015	-0.00374	-0.01040	0.99994	
209	2.08000	570.16238	188.13909	287.87699	0.60731	-0.21789	71.15710	0.18786	0.32297	0.94634	0.01126	-0.94640	0.32299	-0.00018	-0.00380	-0.01060	0.99994	
210	2.09000	570.13151	188.13854	287.86377	0.60812	-0.21854	71.33919	0.18852	0.31996	0.94736	0.01128	-0.94742	0.31999	-0.00022	-0.00381	-0.01061	0.99994	
211	2.10000	570.08027	188.19827	287.80271	0.62404	-0.19582	71.52305	0.22728	0.31692	0.94838	0.01141	-0.94845	0.31694	0.00021	-0.00342	-0.01089	0.99993	
212	2.11000	570.05190	188.21908	287.79249	0.63183	-0.19209	71.71083	0.21393	0.31381	0.94942	0.01152	-0.94948	0.31383	0.00028	-0.00335	-0.01103	0.99993	
213	2.12000	570.00965	188.20313	287.78238	0.63407	-0.18662	71.90012	0.22968	0.31067	0.95045	0.01153	-0.95051	0.31069	0.00034	-0.00326	-0.01107	0.99993	
214	2.13000	569.99282	188.22809	287.76774	0.63183	-0.17870	72.08065	0.22662	0.30768	0.95142	0.01145	-0.95149	0.30769	0.00043	-0.00312	-0.01103	0.99993	
215	2.14000	569.96706	188.27431	287.77936	0.63654	-0.17685	72.25862	0.23534	0.30472	0.95237	0.01152	-0.95244	0.30473	0.00045	-0.00309	-0.01111	0.99993	
216	2.15000	569.93018	188.27880	287.78693	0.63418	-0.17689	72.43867	0.24158	0.30173	0.95333	0.01148	-0.95339	0.30174	0.00040	-0.00309	-0.01107	0.99993	
217	2.16000	569.89565	188.29167	287.78728	0.64130	-0.17295	72.61366	0.24755	0.29881	0.95424	0.01158	-0.95431	0.29883	0.00046	-0.00302	-0.01119	0.99993	
218	2.17000	569.90584	188.35170	287.76009	0.65756	-0.18302	72.79757	0.24879	0.29575	0.95519	0.01191	-0.95526	0.29576	0.00034	-0.00319	-0.01148	0.99993	
219	2.18000	569.90935	188.38601	287.73106	0.65443	-0.18306	72.98421	0.25093	0.29263	0.95615	0.01186	-0.95622	0.29265	0.00029	-0.00319	-0.01142	0.99993	
220	2.19000	569.89445	188.39607	287.72618	0.65496	-0.17859	73.16070	0.24963	0.28969	0.95705	0.01184	-0.95712	0.28970	0.00033	-0.00312	-0.01143	0.99993	
221	2.20000	569.89560	188.39922	287.73803	0.65133	-0.17615	73.34253	0.24245	0.28665	0.95796	0.01177	-0.95803	0.28666	0.00031	-0.00307	-0.01137	0.99993	
222	2.21000	569.87626	188.44099	287.71495	0.64921	-0.17023	73.51765	0.24232	0.28372	0.95884	0.01171	-0.95890	0.28373	0.00037	-0.00297	-0.01133	0.99993	
223	2.22000	569.85813	188.46518	287.74253	0.64938	-0.16517	73.69131	0.23993	0.28081	0.95969	0.01169	-0.95976	0.28083	0.00042	-0.00288	-0.01133	0.99993	
224	2.23000	569.83370	188.48374	287.73483	0.64868	-0.16001	73.85763	0.23457	0.27802	0.96050	0.01165	-0.96057	0.27804	0.00047	-0.00279	-0.01132	0.99993	
225	2.24000	569.82486	188.54891	287.73917	0.65923	-0.16151	74.02226	0.24997	0.27526	0.96130	0.01184	-0.96136	0.27528	0.00046	-0.00282	-0.01151	0.99993	
226	2.25000	569.80090	188.59058	287.73317	0.67376	-0.16172	74.17552	0.24816	0.27269	0.96203	0.01208	-0.96210	0.27270	0.00049	-0.00282	-0.01176	0.99993	
227	2.26000	569.78123	188.61884	287.72250	0.67621	-0.15922	74.33463	0.24588	0.27002	0.96278	0.01211	-0.96285	0.27003	0.00051	-0.00278	-0.01180	0.99993	
228	2.27000	569.78008	188.62706	287.73628	0.67581	-0.16168	74.48914	0.24663	0.26742	0.96350	0.01212	-0.96358	0.26743	0.00044	-0.00282	-0.01179	0.99993	
229	2.28000	569.76695	188.63842	287.73995	0.67905	-0.16615	74.64469	0.24395	0.26480	0.96423	0.01220	-0.96430	0.26482	0.00034	-0.00290	-0.01185	0.99993	
230	2.29000	569.78077	188.68981	287.75771	0.68125	-0.17100	74.80788	0.25939	0.26206	0.96497	0.01226	-0.96505	0.26207	0.00024	-0.00298	-0.01189	0.99992	
231	2.30000	569.76523	188.70178	287.74982	0.68341	-0.16910	74.97626	0.26010	0.25922	0.96574	0.01228	-0.96581	0.25923	0.00024	-0.00295	-0.01193	0.99992	
232	2.31000	569.71550	188.67552	287.75843	0.68083	-0.16636	75.13845	0.26417	0.25648	0.96647	0.01223	-0.96654	0.25650	0.00024	-0.00290	-0.01188	0.99993	
233	2.32000	569.65088	188.67587	287.74983	0.67501	-0.16675	75.30228	0.26702	0.25372	0.96720	0.01213	-0.96727	0.25374	0.00017	-0.00291	-0.01178	0.99993	
234	2.33000	569.60390	188.67912	287.74791	0.67522	-0.16793	75.45619	0.26679	0.25112	0.96788	0.01214	-0.96795	0.25114	0.00012	-0.00293	-0.01178	0.99993	
235	2.34000	569.49989	188.69359	287.76142	0.67493	-0.15994	75.60840	0.27879	0.24855	0.96854	0.01210	-0.96862	0.24856	0.00022	-0.00279	-0.01178	0.99993	
236	2.35000	569.53047	188.64291	287.75909	0.65356	-0.17514	75.78352	0.29804	0.24559	0.96930	0.01181	-0.96937	0.24560	-0.00016	-0.00306	-0.01141	0.99993	
237	2.36000	569.46240	188.64148	287.76229	0.64752	-0.18100	75.94578	0.30940	0.24284	0.97000	0.01173	-0.97006	0.24286	-0.00032	-0.00316	-0.01130	0.99993	
238	2.37000	569.41701	188.67086	287.75867	0.65709	-0.19034	76.11062	0.30743	0.24005	0.97069	0.01193	-0.97076	0.24007	-0.00047	-0.00332	-0.01147	0.99993	
239	2.38000	569.38292	188.69555	287.75387	0.66196	-0.19169	76.27220	0.30441	0.23731	0.97136	0.01202	-0.97143	0.23733	-0.00051	-0.00335	-0.01155	0.99993	
240	2.39000	569.39518	188.70548	287.71779	0.67826	-0.20799	76.45020	0.30927	0.23429	0.97209	0.01236	-0.97216	0.23432	-0.00076	-0.00363	-0.01184	0.99992	
241	2.40000	569.32384	188.71012	287.76224	0.67181	-0.19367	76.62746	0.30885	0.23128	0.97281	0.01219	-0.97288	0.23130	-0.00058	-0.00338	-0.01172	0.99993	
242	2.41000	569.29150	188.73216	287.77451	0.67166	-0.19510	76.79626	0.30110	0.22841	0.97349	0.01219	-0.97356	0.22844	-0.00064	-0.00341	-0.01172	0.99993	
243	2.42000	569.25149	188.76031	287.76151	0.66910	-0.19303	76.95972	0.29581	0.22563	0.97414	0.01214	-0.97421	0.22566	-0.00065	-0.00337	-0.01168	0.99993	
244	2.43000	569.21555	188.78200	287.75875	0.67457	-0.18921	77.13406	0.30353	0.22267	0.97482	0.01221	-0.97489	0.22269	-0.00060	-0.00330	-0.01177	0.99993	
245	2.44000	569.20349	188.81829	287.74816	0.68054	-0.18368	77.30610	0.31273	0.21974	0.97548	0.01229	-0.97555	0.21976	-0.00052	-0.00321	-0.01188	0.99992	
246	2.45000	569.20863	188.85640	287.73472	0.67916	-0.17894	77.46710	0.30250	0.21700	0.97609	0.01225	-0.97617	0.21702	-0.00048	-0.00312	-0.01185	0.99992	
247	2.46000	569.19503	188.88855	287.74960	0.67246	-0.17698	77.63458	0.30060	0.21414	0.97673	0.01213	-0.97680	0.21417	-0.00050	-0.00309	-0.01174	0.99993	
248	2.47000	569.18237	188.88779	287.76329	0.66279	-0.18787	77.79860	0.30589	0.21135	0.97734	0.01200	-0.97741	0.21137	-0.00076	-0.00328	-0.01157	0.99993	
249	2.48000	569.12417	188.91677	287.81660	0.64644	-0.17476	77.96880	0.34284	0.20844	0.97796	0.01167	-0.97803	0.20846	-0.00063	-0.00305	-0.01128	0.99993	
250	2.49000	569.09106	188.96365	287.83206	0.65308	-0.17941	78.13515	0.34103	0.20560	0.97856	0.01180	-0.97863	0.20563	-0.00072	-0.00313	-0.01140	0.99993	
251	2.50000	569.09309	188.99892	287.82533	0.65583	-0.18012	78.30706	0.34605	0.20267	0.97918	0.01185	-0.97924	0.20269	-0.00076	-0.00314	-0.01145	0.99993	
252	2.51000	569.07007	189.01137	287.84905	0.66034	-0.17766	78.49124	0.34330	0.19952	0.97982	0.01191	-0.97989	0.19954	-0.00074	-0.00310	-0.01152	0.99993	
253	2.52000	569.04145	189.03828	287.82963	0.66208	-0.17590	78.67989	0.33970	0.19629	0.98047	0.01193	-0.98054	0.19631	-0.00074	-0.00307	-0.01156	0.99993	
254	2.53000	569.00169	189.06041	287.82943	0.65690	-0.17038	78.85082	0.33110	0.19336	0.98106	0.01182	-0.98112	0.19339	-0.00070	-0.00297	-0.01146	0.99993	
255	2.54000	569.01082	189.04663	287.83097	0.65148	-0.16411	79.02485	0.34515	0.19038	0.98164	0.01171	-0.98171	0.19040	-0.00065	-0.00286	-0.01137	0.99993	
256	2.55000	568.98185	189.03658	287.83922	0.65271	-0.15937	79.20860	0.34583	0.18723	0.98225	0.01171	-0.98231	0.18725	-0.00060	-0.00278	-0.01139	0.99993	
257	2.56000	568.97932	189.06953	287.83501	0.65902	-0.15553	79.38248	0.34651	0.18425	0.98281	0.01181	-0.98288	0.18427	-0.00055	-0.00271	-0.01150	0.99993	
258	2.57000	568.95697	189.08098	287.84602	0.65357	-0.15117	79.54836	0.34334	0.18140	0.98334	0.01170	-0.98340	0.18142	-0.00053	-0.00264	-0.01141	0.99993	
259	2.58000	568.95421	189.10600	287.80620	0.66380	-0.15322	79.71983	0.35159	0.17846	0.98388	0.01188	-0.98394	0.17848	-0.00056	-0.00267	-0.01159	0.99993	
