joint_states,-0.0288177982451,0.00986783899577,1.07545496327,5.96788916814e-06,-2.6071595346e-05,1.22369193237e-07,4.93959933012e-10,-0.0158800002276,-0.511327999859,0.977232000213,-0.465878000227,0.0141660002819,4.93960892767e-10,-0.0158800002714,-0.511330001295,0.977238000499,-0.465881000772,0.0141660003258,-0.00108100081709,0.00577399924495,-0.564654004948,0.218426001066,0.337566002235,-2.17666301211,0.0430340011215,0.0880210011269,-0.235731003019,0.0,-0.265862999268,-0.157408999876,0.00287799967496,-0.509613000281,-0.000335999958441,0.000980999225969,0.102345999563,-1.64447606082e-11,0.759875005504,0.589872003943,left_gripper,0.00705192993398,0.008409380578,0.373499186148,-0.341354506022,0.562811850915,0.67953609379,0.323960829308
joint_states,-0.0263938798763,0.00889556514081,1.07415602412,6.32838066688e-06,2.74076157757e-06,2.51438851128e-05,-1.59996418108e-05,-0.0143679991314,-0.511641001028,0.986205000044,-0.474561999663,0.0126809996357,-1.69990391858e-05,-0.0143770000837,-0.511661999428,0.986215001134,-0.474532001146,0.0126560008241,0.07359700203,-0.0533830004297,-0.60088300171,0.285195999731,0.25119199992,-2.1780829996,2.38586202378,-0.675009007809,-0.115345997683,0.0,-0.265867999304,-0.157394999371,0.00288000071055,-0.50960099916,-0.000336000689354,0.000981001136463,0.102347998905,-6.55701807229e-12,0.760527000987,0.632682999485,left_gripper,0.0267813435524,0.00761547072585,0.356710111989,0.521189473769,0.430196332348,0.569272840622,-0.468210509277
joint_states,-0.00170496071264,0.0153380749532,1.07370122374,3.14155286192,-3.14159181692,3.14157809643,1.80002843168e-05,-0.0246979998565,-0.475506999581,0.994159999972,-0.518647001055,0.0230289997346,-6.99996762144e-06,-0.0246790003436,-0.475493999221,0.99411500051,-0.518610000861,0.0230050003196,-0.879300016462,-0.202630002874,-0.757232003018,0.224356999106,0.273714000543,-2.17808299973,2.33012199931,-0.423825996071,-0.0162649981466,0.0,-0.265870000176,-0.157391000104,0.00288099988661,-0.509598999693,-0.000336000305956,0.000981999609429,0.102347999901,-4.08815334006e-12,0.760527000404,0.421846996264,left_gripper,0.0175838298195,0.00961327768071,0.32798213075,-0.370026360178,-0.521869533228,-0.555192711472,0.531501398108
joint_states,-0.00826917348988,0.0256521700727,1.07760111285,3.47460509675e-07,-4.11163330138e-06,7.88562473957e-08,4.14277347656e-10,-0.0410980011169,-0.473816000973,0.967364001066,-0.493543999564,0.0393899995215,4.1422335882e-10,-0.0410980011347,-0.473816001643,0.96736499815,-0.49354400057,0.0393899995393,-1.19362400289,0.0671660018765,-0.555612996271,0.213610000136,0.329782999027,-2.17730100002,-1.62349604127,0.202920006766,0.197808003856,-1.13078538144e-14,-0.265867999215,-0.157395997709,0.00288000059988,-0.509600999895,-0.000336001118875,0.000981001716576,0.102347997965,-3.60896060961e-12,0.760527001145,0.608014002258,left_gripper,0.016388256817,0.0113731904256,0.381728940341,-0.639983407643,0.166229596987,0.242091827122,0.710056692291
joint_states,-0.00651965148963,0.0130099190947,1.07433749767,3.21201955493e-06,-1.63786476771e-05,3.23321783575e-07,1.13454581401e-10,-0.0209669962995,-0.48129900121,0.989882998909,-0.50856700122,0.0192550007904,1.13463448106e-10,-0.0209669964045,-0.481300997887,0.989886000572,-0.508569000506,0.0192559951961,-1.02623598597,-0.122465017998,-0.536605998464,0.224110999729,0.365174003359,-2.17647100021,-2.03626404031,0.190818000614,0.201590003044,0.0,-0.265868001458,-0.157392001192,0.00288099827451,-0.509598001466,-0.000336001746898,0.000981997614295,0.102347999761,-5.79562631366e-11,0.757552998093,0.636493001949,left_gripper,0.0183110703487,0.00871518689461,0.381663050189,-0.631441421578,0.0172706822155,0.0960341243624,0.769259970107
joint_states,-0.0205925568386,0.0151858554289,1.07529656039,-1.65395015993e-05,5.52778710361e-07,7.01863309366e-07,-9.99598330277e-07,-0.0244049997506,-0.499623000411,0.980427998819,-0.480804999202,0.0227130004387,-9.99591669597e-07,-0.024404999602,-0.499615000295,0.980410000165,-0.480795999293,0.0227130003212,-0.57287198053,-0.00604299555418,-0.459916996205,0.302853003087,0.327378997986,-2.17807600076,-2.09194500256,-0.0650120103706,-0.0319190101474,0.0,-0.265868999783,-0.157392000204,0.00288099960474,-0.509599000372,-0.000336000398709,0.000981999398168,0.102347999742,-5.67368559529e-12,0.760518000378,0.633633999436,left_gripper,0.0107085779203,0.0135053974455,0.410108194183,-0.697589675282,-0.142738700996,0.117268446985,0.692273370511
joint_states,-0.018106916525,0.0024261263483,1.07352330906,1.988202656e-05,-3.31191605215e-06,1.78630130674e-06,2.99994362926e-06,-0.00394499977821,-0.501398000066,0.992921999963,-0.491522999944,0.00222000020267,4.99998722877e-06,-0.00394400023791,-0.501410999969,0.992955999885,-0.491544000304,0.00221599974831,0.890838007833,-0.202662000857,-0.515923000727,0.200299999902,0.392666999904,-2.17808299955,-1.74821499805,0.188539001249,0.276350001814,0.0,-0.265869000159,-0.157396999639,0.00287999991023,-0.509599999559,-0.000336000250137,0.000981000315942,0.102347999778,-3.29884003749e-12,0.76052700043,0.692596999904,left_gripper,0.0176525797954,0.0115730849602,0.399655976007,-0.658575186812,0.174895528228,0.154283049589,0.715462799963
joint_states,-0.0190302197429,-0.00150553177525,1.07349418348,-7.4178878657e-07,-4.95730380545e-06,1.30025197642e-08,-1.17485781175e-10,0.00243000111249,-0.502854999977,0.99285700027,-0.489997000351,-0.00413799994231,2.22849513121e-11,0.00243000100286,-0.50285400065,0.992855999947,-0.489996999377,-0.00413799982911,1.08478101006,-0.170515997506,-0.507679999446,0.211926000724,0.398000000772,-2.17808399941,-1.90083000881,0.176867998789,0.366605005202,0.0,-0.265867999761,-0.157395000143,0.0028800003205,-0.50960100002,-0.000336000384258,0.000981000617144,0.102347999298,-1.64453590946e-13,0.760527000348,0.721917001622,left_gripper,0.0184637233406,0.0115145418385,0.401831654972,-0.66106728046,0.156292205061,0.0803489180345,0.729456543403
joint_states,-0.0475433509176,-0.0341835574212,1.08701149305,1.33552627805e-05,2.47531266315e-06,1.17802703075e-06,7.51415018319e-10,0.053908000392,-0.499858000307,0.88944799895,-0.389591999256,-0.0556239995597,2.99924466089e-06,0.0539100002574,-0.499861998814,0.889453999427,-0.389594999705,-0.0556290011579,0.666504997992,0.499491004707,-0.326958998234,0.786192004701,0.250032998561,-2.15828099971,0.367298016398,-0.391318003698,0.0896449979751,-1.07981874093e-11,-0.26586200048,-0.157390999903,0.00288099993391,-0.509599000369,-0.000336000652273,0.000981999336578,0.102347999582,-3.50482978516e-11,0.760528000909,0.705233999264,left_gripper,0.00158589449461,-0.00266006290634,0.394474315596,-0.541913423531,0.303287009076,0.773356878567,0.127538111541
joint_states,-0.0373648834628,-0.0542255411833,1.10478478167,-3.14159224566,-3.14158532937,3.14159203384,1.33090325037e-11,0.0831020005726,-0.42285499983,0.759738998886,-0.336875999852,-0.0848109998474,1.27942526397e-11,0.0831020005856,-0.422855999144,0.759738999625,-0.336876000052,-0.0848109998606,1.1753920022,0.701345001354,-0.591129001555,0.349021997645,0.200943999847,-2.17806300014,2.20051200918,-0.734656002102,-0.333854001995,0.0,-0.265864999435,-0.157392999977,0.00288099952238,-0.509601999429,-0.000336000311732,0.000981999417111,0.102347000569,-6.67345666229e-12,0.760527999576,0.644345999252,left_gripper,0.0273250598248,0.00689908651443,0.356559480772,0.519703631109,0.456531126469,0.591577066228,-0.414154610128
joint_states,-0.0282758271924,-0.00662559472228,1.07331652207,-3.14159070679,-3.14157731082,3.14159078617,1.99970087286e-06,0.0106919991302,-0.516713999964,0.9906060002,-0.473876999887,-0.0124010000745,1.99969495014e-06,0.010691999135,-0.516715000341,0.990608000044,-0.473877000365,-0.0124019990816,1.17282600021,-0.119403003989,-0.748948000558,0.241658999341,0.260997000272,-2.17805700013,2.15185799928,-0.651228999257,-0.250354999756,0.0,-0.265858000042,-0.157381000376,0.00288299966738,-0.50959300034,-0.00033600046704,0.000982000306723,0.102348999645,-4.97003617622e-11,0.760530999675,0.498308999,left_gripper,0.0229035935754,0.007767848358,0.336227356874,0.459708715924,0.48865702319,0.602886343908,-0.431752552419
joint_states,-0.0172012697423,0.0344177331632,1.04534945977,-1.42312269543e-05,-5.49227192727e-05,1.42385824503e-06,-1.33976985113e-09,-0.0580990015161,-0.570210001931,1.14548500328,-0.575222004444,0.0564090005422,7.00137250575e-06,-0.0580970016938,-0.570201001767,1.14547000418,-0.575210003488,0.0564020016601,-0.603956034172,-0.202870000757,-1.2932160112,1.55153102461,0.427698003525,-1.37839098453,2.00838799617,0.476105022112,-0.539251004088,-2.25922204869e-11,-0.265869000079,-0.1573990007,0.00287900137509,-0.509604000071,-0.00033600049248,0.000981000357132,0.102347000328,0.0,0.137425988292,0.0338579902128,left_gripper,-0.00394855993758,0.0315466287866,0.547682379753,-0.346661843932,0.88453667246,0.31179389494,-0.0143181043822
joint_states,-0.0258366623338,0.0173881336477,1.05034677005,3.14158811262,3.14159061289,3.14159241375,2.99950180557e-06,-0.0291309991171,-0.573179999297,1.12033999949,-0.547160999591,0.0274280002006,-3.00042680676e-06,-0.0291319993764,-0.573186000316,1.12035099963,-0.547162999217,0.0274300000383,-1.1273460057,-0.202893999616,-0.895240995755,1.57628000059,-0.0318010059089,-0.231476986233,0.655354983848,-0.116089007269,-0.533032000053,0.0,-0.265868000592,-0.157394000669,0.00288000045162,-0.509600000425,-0.000336000380088,0.000981000632869,0.102347999503,-1.5927469211e-12,0.344399002613,0.704629008444,left_gripper,0.140988216208,0.0585036619849,0.762168597847,-0.13069831658,0.40344972433,0.808740331701,-0.40753569888
joint_states,-0.00518182194188,0.0359550146145,1.03089191692,-1.14555723446e-05,-1.07059250983e-05,1.14382401256e-06,-1.23251752592e-09,-0.0622040002026,-0.584302000402,1.22123700227,-0.636924002579,0.0605070013801,-1.23250052511e-09,-0.0622039996614,-0.584297001175,1.22122800057,-0.636919002687,0.0605070008389,-1.09259299837,-0.0948049975002,-1.43405601447,2.30270201851,0.244241007706,-0.0819199975093,-0.0568030175424,-1.29573003042,-0.604297000537,-1.37828182558e-11,-0.265870998658,-0.157391999065,0.00288099942074,-0.50959700036,-0.000336000838594,0.00098199898698,0.102348000337,-2.28232132845e-11,-0.142809012887,0.22567998781,left_gripper,-0.00724263936514,0.00312418001723,0.604261308141,0.852309896054,-0.0994010005847,-0.397548390157,0.325027013731
joint_states,-0.0220503487936,0.0717736000918,1.05277734792,1.44302723535e-07,-1.19704794927e-05,1.72075949902e-06,-1.92834844077e-10,-0.119252999924,-0.551084000096,1.08637499945,-0.535277999972,0.117544999827,-1.87701315421e-10,-0.119252999913,-0.551083999869,1.08637499966,-0.535278999751,0.117544999817,-1.18360099983,0.287493000386,-1.35166299977,2.1681459996,-0.206110000468,-0.159534000344,2.3780050042,1.30025500421,-0.646622000388,0.0,-0.265866000092,-0.157390999958,0.00288099996584,-0.509599000175,-0.000336000197443,0.000981999770251,0.102347999871,-5.01113699949e-12,-0.135331999985,0.510759000193,left_gripper,0.0316803712648,0.0211927657571,0.660338113324,-0.496874532991,0.721684404159,-0.155777453367,0.456092868044
joint_states,-0.0665593145577,-0.0312962477337,1.05337247885,3.14158095078,-3.14152572555,3.14156729247,-1.99919418705e-06,0.0521610000456,-0.621806999782,1.07981499901,-0.457934999795,-0.053870000853,-1.00019528031e-06,0.0521640013383,-0.621764000683,1.07973199979,-0.457898999776,-0.0538730010762,0.506717006253,0.510969003455,-0.0951759902033,2.72068000087,0.0378880024379,-1.79246500402,1.43073599634,-0.285253004067,0.280166003975,0.0,-0.265871000682,-0.157396000479,0.00287999991742,-0.509599000088,-0.000336000490579,0.000981000616534,0.102347999725,0.0,0.202743003354,0.801818007671,left_gripper,0.0089884807656,-0.0106670112117,0.45377615273,0.917206767225,0.00090624337436,-0.349628328482,0.191026063149
joint_states,-0.0248215613732,-0.0144764536959,1.03857614627,2.72730408778e-05,8.85351312962e-06,1.04654879787e-05,1.50007656925e-05,0.0246949997625,-0.600463997111,1.18272200409,-0.582257006336,-0.0264480000038,-1.10015095481e-05,0.0247209948494,-0.600461994446,1.18274800334,-0.582297000791,-0.0264559996815,1.06809702462,0.148386982871,0.189875014261,2.79938900207,0.369655013633,-2.11012601242,0.632475957498,-0.0116019883359,0.123021989249,-2.32707326518e-10,-0.265856999073,-0.157389003156,0.00288100181971,-0.509598003455,-0.000336002304378,0.000981998780607,0.102347999184,-2.35925902802e-10,0.356885006023,0.866769005202,left_gripper,0.00439183951473,-0.00107582075733,0.335926776752,0.80734036136,0.301814231826,-0.487071569855,-0.14096452116
joint_states,-0.0376016426567,-0.0264244303895,1.0392388181,3.14158937487,3.14158739183,3.14157590384,2.59982766709e-05,0.0451119996048,-0.617482000916,1.17245899899,-0.55498000002,-0.0468139991356,-6.99796176278e-06,0.0451289983427,-0.617500999812,1.17246499884,-0.554966999318,-0.0468439983502,1.09978800139,0.241009002106,-0.239586004133,2.76834199872,0.555050003212,-2.14388699874,-2.23747503474,-1.1414820121,-0.321372004463,0.0,-0.265868000201,-0.157395998601,0.00288000041718,-0.509600999863,-0.000336001019319,0.000981001527817,0.102347998146,-6.24437656838e-12,-0.0668490055784,0.408800996344,left_gripper,0.0107295266222,0.0208310529207,0.262172417693,-0.188336410019,-0.779775879589,-0.243734619191,0.545043493384
joint_states,-0.0253393479374,-0.0170310993866,1.04378158054,3.14158679705,-3.14158250096,3.14159235368,-2.99995326546e-06,0.0288650000144,-0.58858399971,1.15532399951,-0.566731000026,-0.0305700001994,-9.99596107431e-07,0.0288660001461,-0.588577999986,1.15531000025,-0.566724000297,-0.0305679998512,0.264519996057,0.158616999472,0.177018001326,2.16225199762,0.080891997665,-1.70637599799,-0.636192993238,0.898236007778,-0.213418999694,-4.24719349333e-13,-0.265867999391,-0.157394000311,0.00288000047925,-0.509600999853,-0.000336000336737,0.000981000589648,0.102347999427,-1.19255257826e-12,0.298951001592,1.12929100305,left_gripper,0.0175049413287,0.00324430322381,0.49830435541,-0.425410028784,-0.306372865513,0.584245245007,0.619531652439
joint_states,-0.0577131735197,-0.0484080482295,1.06381982366,-3.14159243656,-3.14156139794,3.14158773922,5.00025338332e-06,0.0791810004228,-0.578551000307,1.02031599921,-0.441733999535,-0.0808839999866,3.16577088718e-10,0.0791840002561,-0.57855299978,1.02031399894,-0.441728999388,-0.0808909999057,0.431855001678,0.607077002425,-0.0201780015417,1.99190899951,-0.0829250008555,-0.949124994501,-0.732613000793,-0.0486740058841,0.332592003505,-4.98726181129e-12,-0.265856000422,-0.157385999816,0.00288199993901,-0.509601000227,-0.000336000350965,0.000981999966116,0.102347000544,-2.37723657141e-11,0.120024999254,1.24340600094,left_gripper,0.0121501801732,0.0192006718281,0.775664036563,0.84702256655,0.43211023737,-0.0763430235687,-0.300008761986
joint_states,-0.0291675302897,-0.0292783178017,1.04929548333,3.14158927242,-3.14158336361,3.1415904538,1.90019134975e-05,0.0491309979104,-0.579720999181,1.12239800301,-0.542662998837,-0.0508389988704,3.00189540435e-06,0.0491399994747,-0.579716001653,1.12236899849,-0.542638998657,-0.0508489980098,0.24292799814,0.187580995212,0.00776100076758,1.93039300148,-0.174916998936,-0.994750002808,-2.06419501914,-0.145104002353,0.590449004648,0.0,-0.265863002046,-0.15739100047,0.00288099973718,-0.509600999141,-0.000336001564617,0.000981997994121,0.102347997542,-6.26644951218e-11,0.280529002667,1.24354700027,left_gripper,0.00279178207371,0.00327037753064,0.736843425888,-0.389020989957,-0.745244192529,-0.148881672152,0.520680334343
joint_states,-0.0308916234979,-0.0719217824367,1.0945272556,3.14159073441,-3.14153864007,3.14158456085,-1.00129064889e-06,0.111778000035,-0.443747998572,0.825741992732,-0.381941997287,-0.113484000993,-2.00074785202e-06,0.111782001447,-0.443766998512,0.825778992145,-0.38195799842,-0.113480000297,0.913038009925,0.708561006148,-0.407669004848,1.53058199248,-0.540073005121,-0.335237988053,-1.46058098838,-0.833160010505,0.610874001688,0.0,-0.265852998777,-0.157383000069,0.00288200157528,-0.509601999632,-0.000336001065653,0.000982000448565,0.102347001229,-7.68497459861e-11,0.759665009515,1.24354699977,left_gripper,-0.0709613640712,-0.0582682445624,0.831942960664,0.240233107067,0.359215921001,0.899228799244,0.0681141907252
joint_states,-0.0511234335918,-0.0795342141557,1.06865503666,2.0499558709e-05,-3.76104523573e-06,1.4310724379e-06,-4.99961127175e-06,0.128609000491,-0.5470750003,0.976782001139,-0.42970599996,-0.130339000227,-9.9996854205e-06,0.128603000547,-0.547101000332,0.976826000602,-0.429723000667,-0.130332000171,1.19352300149,0.533510999339,-1.02954700273,2.31471800363,-0.507379999486,-0.695081001558,-2.09485700307,-0.562658998485,0.339162999064,-3.84974620742e-12,-0.265874999709,-0.157399999939,0.00287900025634,-0.50959900038,-0.000336000216339,0.000981000101329,0.102347999822,0.0,-0.170461003848,0.416371995972,left_gripper,0.00130589011783,0.0403285501487,0.687491564456,0.122837689348,0.889957766581,0.256082466287,-0.356802250887
joint_states,-0.0758124367743,-0.0818356784589,1.07871868656,5.97640564865e-06,-1.10160361297e-05,6.0844242524e-08,-9.99367098182e-07,0.130200998114,-0.546519999674,0.893561996529,-0.347033997499,-0.13191300221,3.00168002476e-06,0.130196002681,-0.54652599954,0.893576999052,-0.34704399673,-0.131912000376,1.1682899987,0.708881006795,-1.51149501663,2.70681501582,-1.16484702481,-0.838975006281,-0.503971939809,0.59058904519,-0.049810015486,0.0,-0.265870001667,-0.157396997834,0.00287999960362,-0.509600002105,-0.00033600119249,0.000981001502338,0.102347998257,0.0,-0.184558000345,0.0515259879855,left_gripper,-0.0265229496181,0.0125873948607,0.60356484929,0.522195597465,0.748921237095,-0.297954998305,-0.278660290679
joint_states,-0.0323291164972,-0.0155972035353,1.02909228584,-3.1415805742,-3.14157863686,3.14158894021,3.0008610863e-06,0.0270860001942,-0.63431200104,1.22768499981,-0.593358001326,-0.0288069977916,3.0008682407e-06,0.0270869978428,-0.634318000348,1.22769499957,-0.59336200177,-0.02880699805,1.19378399995,-0.081905006121,-1.28477999952,2.68711000161,-1.87406800608,-0.969370001734,2.38603302023,1.29825100504,0.64626500491,0.0,-0.265861999954,-0.157385001331,0.00288199973934,-0.509593998814,-0.000336001129389,0.000982000144951,0.102348999026,-9.9222820755e-11,-0.18456899893,0.764781005107,left_gripper,0.0280719099915,0.0241456052406,0.636447662342,0.71129909263,-0.431254811706,0.344464237057,-0.435220952613
joint_states,-0.0501589804192,-0.0291147577164,1.03136700537,-3.14158767319,-3.1415922322,3.14159206892,9.99346171334e-07,0.050353999458,-0.654830999844,1.20571299956,-0.550881999088,-0.0520669994246,9.99353580434e-07,0.0503539997446,-0.654830000678,1.20570899989,-0.550878000076,-0.0520669997175,1.19380400016,0.0225570012901,-1.47592600236,2.41753899788,-2.30161000367,-0.18005899301,2.34349900009,-1.29704102174,-0.61965501104,-1.19018208744e-12,-0.265868000462,-0.157394999926,0.00288000031968,-0.509599999499,-0.000336000397055,0.000981000620701,0.102347999631,-4.23885022852e-12,-0.168749000181,0.288266995432,left_gripper,-0.0123168474389,0.00534070700258,0.61916821359,0.866638671561,-0.139072923627,-0.327872309921,0.349422213455
joint_states,-0.0263687523886,-0.00635092577601,1.03026001604,3.14159258895,3.14158725068,3.14159243259,4.87940753682e-10,0.011015999915,-0.622673000247,1.22485300066,-0.602185999368,-0.0127239998006,4.98696249885e-10,0.0110159999313,-0.622672999587,1.22485299928,-0.602185000408,-0.012723999813,1.19380499923,-0.149681001707,-1.30165299964,2.7435180023,-2.26391699938,-1.41208000522,-0.687208012604,-1.30140100012,0.592535005472,0.0,-0.265868999432,-0.157394999819,0.00288000037995,-0.509598999731,-0.000336000494525,0.000981000758538,0.102347999773,-1.33292651447e-11,-0.184560999243,0.822169002475,left_gripper,0.0119794741807,0.0287992381331,0.636665001024,-0.0457382289214,0.88280040377,0.467516263969,-6.66560288247e-05
joint_states,-0.0406147669763,-0.0114942515828,1.04179951253,-5.8924246003e-06,-2.84133554108e-06,3.49142359733e-07,-5.2582873189e-10,0.0195530006211,-0.616881000366,1.16035800004,-0.543473999878,-0.0212559994616,-5.2583712817e-10,0.0195530005779,-0.616878999654,1.16035299981,-0.543471000364,-0.0212550007176,1.18273700347,-0.0814700001728,-1.41022400366,2.77524600029,-1.78209200099,-2.17766600238,-0.781791994806,1.30033100722,0.0606319989931,0.0,-0.265867000257,-0.157395000314,0.0028800002475,-0.509602000047,-0.000336000297337,0.000981000488902,0.10234700052,0.0,0.726542001979,0.546536997172,left_gripper,-0.0019635321752,-0.0263005274265,0.346720133466,-0.345984367409,-0.554731649532,0.694574665433,0.300222665125
joint_states,-0.0249780402706,0.00970672752169,1.02864968062,-3.61756214674e-06,-1.28702612062e-05,3.65776235039e-07,-9.88640244159e-11,-0.0168770003605,-0.62404100012,1.23307099992,-0.609016000548,0.0151730001057,-9.88635122822e-11,-0.016877000346,-0.624039999773,1.23306799988,-0.609015000196,0.0151730000913,0.39585199769,-0.174592000022,-1.42115299973,2.79948800032,-2.30425000127,-1.13786499688,-1.85010100329,1.30151699989,-0.64602500167,-3.45918974894e-13,-0.265867999949,-0.157394999916,0.00288000016391,-0.509601000225,-0.000336000160694,0.000981000266137,0.10234799967,-7.75940621862e-13,-0.115375002404,0.892396001081,left_gripper,0.0333393681504,0.00426331791033,0.578762798687,-0.414631724324,0.669450779676,-0.458421789908,0.4120262726
joint_states,-0.00249487590644,-0.00363871607923,1.0328195804,-3.14156214414,-3.14158305028,3.14159216401,-2.00014030109e-06,0.0062440008533,-0.577975000707,1.21749000068,-0.639504998854,-0.00798399904923,-4.00028256669e-06,0.00624600150026,-0.577992998849,1.21752300041,-0.639521000544,-0.00798500075016,1.11672600994,-0.15144699977,-0.632040987471,2.5109269957,-2.09578599693,-0.471564990409,-2.28768800842,1.30157900163,0.645408019053,0.0,-0.265870999129,-0.157397998373,0.00287999906503,-0.509599000328,-0.000336000895487,0.000981000946769,0.102347999449,-6.06087510097e-12,-0.184503002673,1.19180600335,left_gripper,0.0345828313492,-0.00814982900445,0.707539384676,-0.26702763707,0.824437329839,-0.459692500117,0.194118869628
joint_states,-0.0121094802238,-0.00656648185299,1.04503953836,-3.14158849331,3.14158912471,3.14158998519,3.99851429412e-06,0.0110969998904,-0.565293001237,1.15332400136,-0.588038000446,-0.0128099992746,-9.99124462646e-07,0.0110990014264,-0.565286001319,1.1533270003,-0.58804499892,-0.012817000659,1.00081400034,-0.20287999891,-0.802526999684,2.48969200125,-1.76397299883,-1.78831500809,2.13642302233,-1.08487601117,-0.629474007199,0.0,-0.265867000142,-0.157396001233,0.00287999996838,-0.509602001585,-0.000336000696902,0.00098100101132,0.102347001076,0.0,0.760209003549,0.987745999198,left_gripper,-0.00731028621836,-0.00628302621644,0.571328918109,-0.51489395572,0.567729057662,0.428582276784,-0.478419443038
joint_states,-0.0412680765429,0.0217698178057,1.06992264502,-3.14159234332,-3.1415699903,3.14158743692,-1.49997250084e-05,-0.0353340008207,-0.543613000523,1.00312399871,-0.459506000349,0.0336210007081,7.99960393673e-06,-0.0353290003665,-0.543632000128,1.00315800002,-0.459510998576,0.0336369999518,-1.01340900433,0.15267100703,-0.37155699421,1.38012099805,-0.223927982443,-0.967785006309,-1.59572901228,1.29064702642,0.334628994623,0.0,-0.265868000739,-0.157397999247,0.00287999948514,-0.509602000394,-0.000336000438601,0.00098100050077,0.102347000792,0.0,0.760526999301,0.879189999242,left_gripper,0.00445153339969,0.00663271260467,0.664184689407,-0.443250760123,-0.258681452717,0.367551994056,0.775576044844
joint_states,-0.0296578660635,0.0379292693035,1.06056520565,-9.54945158761e-06,-8.99655747315e-06,2.3136017595e-06,-1.99969303748e-06,-0.0624130011532,-0.550261999695,1.05760399839,-0.507332998707,0.0607149998535,-1.99957209123e-06,-0.062413000621,-0.550256999266,1.05759399928,-0.507328000013,0.06071499934,-1.14970300106,0.216040001258,-0.83496600517,1.20010599864,1.52501501946,-2.12048301314,-0.992430993683,1.16918099975,0.570069002841,0.0,-0.265863000752,-0.157384001096,0.00288200034848,-0.509597001126,-0.000336001029274,0.000982000111125,0.10234800019,-6.1613288353e-11,0.170546992543,1.24325800255,left_gripper,0.0469638640147,-0.0140507101711,0.413020355471,-0.025782176017,0.716243368613,0.0733277942039,0.693508291886
joint_states,-0.00240952479775,0.0109628139249,1.04279324547,-6.24505709478e-06,-1.29099808482e-05,5.34879361834e-07,-1.99689358947e-06,-0.0186020018222,-0.554743996839,1.1663340041,-0.611577999661,0.0169000020994,2.11703255899e-09,-0.0186029963478,-0.554739001779,1.16632299938,-0.611570999119,0.0169009986308,-1.19284300346,-0.202667006298,-1.36718701087,1.6849660105,2.30412101452,-2.17761100159,2.38585306704,1.30151100193,0.64660499984,0.0,-0.265870001533,-0.157390003592,0.00288099986772,-0.509596002611,-0.000336002719068,0.000981997509063,0.102348001955,-9.26473391952e-11,-0.184385003462,0.922309991079,left_gripper,0.0248705303601,0.0175195929555,0.355735628388,-0.228167892137,-0.517841120755,-0.432582189148,0.701892182807
joint_states,0.00276356319081,0.00285576618,1.03416234165,-3.14159178847,-3.14158962147,3.14159262848,-1.99903384464e-06,-0.0049099995034,-0.566166000336,1.21136799964,-0.645197000232,0.00320100006777,-9.99460633667e-07,-0.00490999986058,-0.566159999126,1.21135400027,-0.645191001097,0.00320100018006,-1.17235700045,-0.200192000167,-1.51004700156,2.39812400401,2.26068899917,-1.85357799885,2.35566899977,-1.29161401321,-0.645914006389,0.0,-0.26586800001,-0.15739500045,0.00288000033986,-0.509600999472,-0.000336000481686,0.000981000754237,0.102347999215,0.0,-0.16117199982,1.23771100214,left_gripper,0.0277564302044,-0.0165245695426,0.392748786361,0.888659056079,-0.363487604643,0.220025667671,0.172483474241
joint_states,-0.069805748708,0.00159695407871,1.04052163967,-6.50395058996e-05,-4.1286686474e-05,5.66662648982e-06,-5.99924392636e-06,-0.0026260007233,-0.66175099986,1.15047299586,-0.488679997215,0.00098399908769,-5.99924386473e-06,-0.0026260006374,-0.661721000782,1.15041499777,-0.488651998198,0.000983999001857,0.0838680161972,0.201635003632,-1.1714849951,2.26502799972,2.28949799942,-0.11621997662,2.36984099984,-1.30157499949,-0.632382999941,-4.42387766104e-11,-0.265865999876,-0.157373999881,0.0028839999014,-0.50959200011,-0.000336999177815,0.000982999381567,0.102348999774,-4.98542556107e-11,-0.184550000619,0.734642992562,left_gripper,0.029416471512,0.00637006290007,0.677188632264,0.831352009611,0.401369656703,0.248932247301,0.2928975436
joint_states,-0.056924757008,-0.0535645096756,1.04777063673,-3.14158212565,-3.14152690332,3.14158734404,-7.76345048011e-11,0.0899180010346,-0.619278999748,1.10787599992,-0.488531000223,-0.0916370010089,-4.33084351183e-10,0.0899180011978,-0.619284000084,1.1078839995,-0.488533999797,-0.0916370003311,1.06251800827,0.291506000332,-1.31684500088,2.26602600031,2.30075500004,-0.0794920000522,2.3788390001,-1.2984429999,-0.643291999636,-3.47913213495e-12,-0.265869000086,-0.157392000415,0.00288099965699,-0.509599000001,-0.000336000296574,0.000981999544709,0.10234799985,-4.22100169781e-12,-0.156959999678,0.604554998355,left_gripper,0.0240774374813,0.00680442842908,0.661060381543,0.840233321837,0.391742937063,0.219841152209,0.303669728376
joint_states,-0.0610318255361,-0.0735173048944,1.06662319777,-3.14158859646,-3.14157639897,3.14158913604,1.99843743816e-06,0.119383003748,-0.567905993761,0.986886987911,-0.418964992804,-0.121095003956,1.9984372414e-06,0.119383004231,-0.567908992821,0.986890986766,-0.4189659926,-0.121096000811,1.12089000557,0.504739021323,-1.35314300424,2.20599999559,2.28656099812,-0.108862004632,2.36847500063,-1.30124000125,-0.62852899937,-3.18055957365e-11,-0.26585800066,-0.157387001585,0.00288199869632,-0.509600998508,-0.000336001133125,0.000981999567952,0.102347998488,-6.53135355287e-11,-0.116998997401,0.586108999287,left_gripper,0.0236989578455,0.0063113577933,0.667923360189,0.838460918632,0.390324457591,0.228542214163,0.303971317853
joint_states,-0.0290093946361,0.00292238916979,1.03387633059,-3.14158646311,-3.14157956243,3.14158882448,3.99986919761e-06,-0.00504600072937,-0.618459000089,1.20605099937,-0.587578000377,0.00333200049912,3.99987441854e-06,-0.00504600073867,-0.618462999439,1.20605599937,-0.587579999821,0.00333200050854,1.16132299978,-0.18492900491,-1.47027200074,2.16222699991,2.22021099957,-1.7667690088,1.8734889972,-1.27704699961,-0.639172000233,-8.37783319425e-11,-0.265863999785,-0.15737999963,0.00288299981191,-0.509583000575,-0.000336999551364,0.000982999390739,0.10235000013,-8.89951761467e-11,-0.105918999629,1.19872400313,left_gripper,0.0368904748548,-0.0177542704111,0.395858837581,0.838042026067,-0.150981861331,0.45378800106,0.262614718149
joint_states,-0.0409335673137,-0.0264615131112,1.04057531645,-3.14159084524,3.14159196806,3.14159243664,-1.08372299289e-09,0.0450629999574,-0.619187999544,1.16407399989,-0.54488699842,-0.0467729996034,-9.98573535815e-07,0.0450629998642,-0.619188998586,1.1640759987,-0.544887997977,-0.0467729994829,1.16897600124,0.0891960022319,-1.45466900021,2.03751999934,2.18701800069,-1.78348800052,-1.5635590406,1.2659410282,0.622252015513,-4.34002118002e-13,-0.265867999896,-0.157394998865,0.00288000081623,-0.509599999253,-0.000336000785497,0.000981001278734,0.102347999234,-5.61626662229e-12,-0.0741739982214,1.19254400068,left_gripper,0.0382588714595,-0.0184030355978,0.380555516931,0.0905762073967,0.73141731085,-0.322938015878,0.593747173419
joint_states,-0.020025140839,-0.00696318179982,1.06152328709,-3.14158309936,3.14159210391,3.14159193137,9.99661105379e-07,0.011441999667,-0.536421999352,1.06188799971,-0.525466999914,-0.0131590002207,9.99715459186e-07,0.0114410002887,-0.536429999552,1.06190599909,-0.52547600009,-0.0131589998417,1.19361099983,-0.202620001322,-1.12301299878,0.695304994289,1.99210999923,-2.17395300213,-2.38686000373,0.313492995387,0.592280999424,0.0,-0.265869999969,-0.157394999777,0.00288000021815,-0.509597999551,-0.00033600030094,0.000981000445949,0.102348000066,-7.2925862136e-12,0.552319002954,1.1972269998,left_gripper,0.0340409140263,-0.00407492725783,0.433345730546,-0.5472143789,0.241308419867,-0.477426571786,0.643731728734
joint_states,-0.0405923652642,0.0129033653925,1.07425933849,-3.14158203855,-3.14157632788,3.1415921888,9.99479582128e-07,-0.020808000061,-0.531064999361,0.978868999421,-0.447787999167,0.0190890011002,9.99475721837e-07,-0.020808000228,-0.53107000023,0.978879999478,-0.447793998363,0.0190890012629,0.271726990804,-0.189097000068,-1.51173500391,0.631056998984,2.11756200229,-0.670696983552,1.39668903885,-1.30026001622,0.335500996224,0.0,-0.265869999249,-0.157396998649,0.00287999980899,-0.509599999388,-0.000336000684366,0.000981000872371,0.102347999299,-5.78294941067e-12,0.760443003495,0.429575992177,left_gripper,0.0122360745613,0.014386555995,0.64843528814,0.0663191217148,0.696892131629,0.714030231813,-0.0101960298739
joint_states,-0.00824473806942,-0.00904470817071,1.03313114943,-3.14155740316,-3.14157359681,3.14159097422,1.80733629496e-10,0.0155579998561,-0.58674500021,1.21493100135,-0.628165001399,-0.0173010004732,1.00024365631e-06,0.0155569996555,-0.586767000457,1.21498200115,-0.628196000518,-0.0173000000507,0.614939001732,-0.200530999902,-0.685651996778,2.18901500731,1.67246299806,-0.216499997477,1.7473870015,1.30015701056,0.209403000124,0.0,-0.265873999357,-0.157397000316,0.00287999958164,-0.509594999707,-0.000336000514696,0.000981000523856,0.102348000754,-1.96507157857e-11,-0.184052003704,0.933853001635,left_gripper,0.0116248302569,-0.0129593107641,0.725442999465,0.0138011404187,0.930008550514,-0.31438401093,-0.18988501301
joint_states,-0.000195317315747,-0.0221140611351,1.03878165947,-3.14158860514,-3.14158722789,3.14159242644,1.42885143593e-10,0.037761999513,-0.559694001159,1.1856409998,-0.625941000473,-0.0394739994564,2.19814721972e-10,0.0377619997495,-0.559695999096,1.18564399924,-0.625942998868,-0.0394739998566,1.06446300179,0.0710650021933,-0.229079996724,2.13743399919,1.76898100184,-0.05251899849,-1.24366802088,-1.30041301692,-0.646261004994,0.0,-0.26586800043,-0.157394999802,0.00288000069506,-0.509600000066,-0.000336000820399,0.00098100129898,0.102347999055,-7.09153309837e-12,-0.184568998827,1.24340800347,left_gripper,0.0103416572074,-0.00973695520697,0.751493357571,0.851086531417,-0.179046977223,-0.394587398791,0.296470370701
joint_states,-0.00411436355058,-0.00654676989153,1.07356674587,8.40392541701e-06,4.38662525209e-05,4.35467699064e-07,-2.64742766782e-10,0.0105580002282,-0.480102000056,0.995556000446,-0.515498000076,-0.0122750002047,-9.99452808563e-07,0.0105589999773,-0.480117000349,0.995588999714,-0.515515000239,-0.0122759996005,1.19370500089,-0.202794000044,0.265698001527,0.158273995852,-0.00220300445905,-0.509237000434,-0.000205997266339,-0.00149799738783,0.102253002109,0.0,0.506379002264,-0.268541000257,-0.390401001208,-2.17742800339,-1.34030300267,0.282828000294,0.0183700000393,-2.9355222045e-11,0.755866002128,-0.651598003832,right_gripper,-0.0181045941599,0.0116970947192,0.350553139828,-0.0510177141914,0.571153799988,0.784741837738,0.235288711379
joint_states,-0.0122044980702,-0.000434060142695,1.07130307275,-3.14158870075,-3.14158702095,3.14159258114,2.10572202942e-10,0.000698998609941,-0.498687001518,1.00773900117,-0.509046000445,-0.00241099849495,-9.9964141305e-07,0.000698998806588,-0.49866999966,1.00770200086,-0.509026000276,-0.00241099868071,1.13421899803,-0.202895000415,0.265903000775,0.15745599893,-0.00290900045965,-0.509404999214,0.000294999894125,-0.000982999821344,0.102550998822,-4.92407243096e-14,0.461186999579,-0.36503100235,-1.09654201783,-2.17808399929,-2.38646302725,-0.586256024301,0.645956015794,0.0,0.76052200133,-0.983251008892,right_gripper,-0.0203998658894,0.00207196806333,0.448950629126,-0.24563610176,0.541381350021,0.487811016839,0.639225743545
joint_states,-0.0229478358,-0.00466884932272,1.0737403858,-3.14157968308,3.14158943651,3.14159218857,2.99982522811e-06,0.00751099986818,-0.507893000097,0.990069999796,-0.482177999862,-0.00923000016097,-2.99976718277e-06,0.00751100029134,-0.507918000183,0.99010900004,-0.482190999528,-0.00923200017671,-0.162490004977,-0.0786519994263,0.265903000269,0.157452000143,-0.00290999982012,-0.509403000417,0.00029499999195,-0.000983000108562,0.102550999759,-2.92681417083e-12,0.467638000313,-0.326750000149,-0.247317996611,-2.17808199978,-2.24511499988,0.356319003678,-0.0656570024982,0.0,0.760527000358,-0.672471998744,right_gripper,-0.0236821801683,0.00818733975812,0.351621165278,-0.414543689548,0.490939890637,0.600922400897,0.47541962658
joint_states,-0.0290124543342,-0.00986757731237,1.07546197461,-8.77307850881e-07,-1.75468789144e-06,4.46292508396e-08,-7.1178353498e-11,0.0158720002283,-0.511619999585,0.977111999542,-0.465490000198,-0.0175790003487,-7.11792669292e-11,0.0158720002245,-0.511619000141,0.977110999638,-0.465489999737,-0.017579000345,0.000838000506183,0.00601899995256,0.26590299997,0.157455999566,-0.00290900018948,-0.509404999949,0.000294999957886,-0.000982999927403,0.102550000485,0.0,0.565288999888,-0.218550999518,-0.337784000501,-2.17808399985,-0.0448619918751,-0.0877330015611,-0.235871000281,-5.64910831935e-13,0.760527000158,-0.590435999722,right_gripper,-0.024480872121,0.0106144768018,0.336054312839,0.319426992509,0.528169609572,0.731827871808,-0.288844639948
joint_states,-0.0199372196607,0.00118209206693,1.07311993715,-6.82148327458e-06,-3.9407008673e-06,3.50180074213e-07,-3.67609216784e-10,-0.00189899980419,-0.505235000107,0.994833000479,-0.489594000435,0.000197999612678,-3.67609230471e-10,-0.00189899980037,-0.505231999786,0.994826000568,-0.489590999773,0.000197999608854,-0.621575002956,-0.111033000673,0.26590300041,0.157456000082,-0.00290900009948,-0.509404999578,0.000294999957567,-0.00098299989369,0.102550999515,-6.49566196919e-13,0.42632399972,-0.347177000822,-0.266089000176,-2.17723599968,2.16549100861,-0.0258359992666,0.39031700275,0.0,0.757814000055,-0.728739000981,right_gripper,-0.0267582084849,0.00740344691894,0.371643491388,-0.677299503597,-0.0414930806131,-0.0193233622853,0.73428217625
joint_states,-0.0171719454403,0.00303278378293,1.07284973065,-1.45296194516e-06,2.68957652113e-07,5.35707723912e-08,-4.99760377552e-06,-0.00489600010761,-0.501880999898,0.9972269999,-0.495345999097,0.00319099834953,-6.26228062168e-10,-0.00489699792354,-0.501877999635,0.99721800102,-0.495340002712,0.00319000024517,-1.16521703146,-0.15932100154,0.265903000103,0.157455001835,-0.00290900114606,-0.509404998464,0.000294999806076,-0.000982999694017,0.102550997643,-1.78875958205e-12,0.462871002687,-0.299675995449,-0.388685004393,-2.17808299786,1.93496298929,-0.367445020472,0.0904789855057,0.0,0.760524001092,-0.717557997748,right_gripper,-0.0278367562341,0.00609296502141,0.363936342816,-0.574942499576,-0.0591270302518,-0.171833668554,0.797758301008
joint_states,-0.0217979428356,0.00107979053594,1.07268119988,-3.14159171158,-3.14159131141,3.14158881452,2.9992317889e-06,-0.00175000110319,-0.509197998714,0.996897999401,-0.487702001052,4.20011543424e-05,1.00169049313e-06,-0.00175299861356,-0.509264001697,0.997056000863,-0.487789998402,4.79999739313e-05,-1.19376600202,-0.197981002453,0.265902999428,0.157455001152,-0.00290900080204,-0.50940499996,0.000294999854153,-0.000982999788248,0.10255000167,-1.4179186926e-14,0.640125006283,-0.212854997793,-0.419881999805,-2.17808399927,0.151520944759,-0.031523988841,-0.471616018503,-7.48279953018e-13,0.760527000594,-0.584159995699,right_gripper,-0.0272831005499,0.0115887456656,0.320769376196,0.277296092608,0.425278257803,0.766826362902,-0.392711865906
joint_states,-0.023138765877,0.0352836678312,1.07223806199,3.14157277792,-3.14159142486,3.1415766997,-5.99789840752e-06,-0.0569780034339,-0.509635002009,0.993139001177,-0.483492996375,0.0552910029972,-2.20019758019e-05,-0.056974004104,-0.509615001347,0.993063001075,-0.483467998854,0.0552680026452,-1.04548199035,0.254114022787,0.265902002539,0.157454997536,-0.00290900217196,-0.509403997157,0.000294999903796,-0.000983000016611,0.102550998366,-3.42832408949e-11,0.470211992777,-0.715811027073,-1.15059703554,-2.17808200275,-1.18002206731,0.700835038713,0.536789050439,0.0,0.518763988517,-1.0256050236,right_gripper,-0.0286074332755,0.00735947124809,0.410874891572,0.290071690752,0.378655311132,0.878310342685,0.0323961650094
joint_states,-0.0557162090123,0.0185572106402,1.07540430274,-1.62262546048e-05,-8.59177671782e-06,4.89099770379e-06,3.99943225029e-06,-0.029818996838,-0.547528000326,0.962260995788,-0.414726996978,0.0281290006793,-6.99833975089e-06,-0.0298180017303,-0.54753100247,0.962281997074,-0.414737996416,0.0281250009208,-0.153463973446,0.488285007965,0.265902000185,0.157456000823,-0.00290900054767,-0.509404002635,0.00029499978695,-0.000982999464242,0.102550997454,-2.12640818462e-11,0.269800992054,-0.879744004496,-1.2203020036,-2.15993500166,-0.0277919630033,1.01287001224,-0.385115025258,-1.09215222514e-11,0.594483004822,-1.24332500713,right_gripper,-0.0353983729147,-0.000965936346826,0.414567061758,0.415815827196,0.157818370813,0.833191123146,-0.328607839223
joint_states,-0.0325112013231,0.0345546511818,1.07865373875,-2.19345924887e-05,-2.90271834898e-06,3.73508008572e-06,-6.00001333845e-06,-0.0552079998298,-0.504861999497,0.950687999792,-0.445826000093,0.0535180000555,-2.00010442057e-06,-0.0552060005196,-0.504846999766,0.95065800029,-0.445811999674,0.0535219997417,-0.686355002793,0.180425998083,0.265900000023,0.157454999728,-0.00290900036366,-0.509404000047,0.00029499997835,-0.000983000008867,0.102550999648,-7.65247581171e-12,0.654574001967,-0.823093999544,-1.47830000182,-0.991475992485,0.351000002681,1.21922500165,-0.327081999277,-4.39816711689e-12,0.760322001494,-0.913902997855,right_gripper,-0.0430477682093,-0.00673678262976,0.688680258315,0.545847614935,0.432419142393,0.716304052508,0.0444136344248
joint_states,-0.0621798794561,-0.00525484725009,1.07399139024,-2.69266877388e-05,-3.0093478309e-05,6.99351734916e-06,1.99995848893e-05,0.00851100086028,-0.560640000753,0.968023999773,-0.407353000116,-0.0101830003224,-1.19999182688e-05,0.0085059996869,-0.560671999965,0.968035000425,-0.407335999363,-0.0101690000355,-0.103136997078,0.126517999367,0.265903999639,0.157456000005,-0.00290900011941,-0.509403999627,0.000294999968776,-0.000982999895153,0.10255099962,-2.95528620831e-12,1.07320400201,-0.960534000117,-0.866275997535,-1.10345100019,-1.33671900745,-0.0606170056171,0.579483004364,0.0,0.510660999173,-0.361952997095,right_gripper,-0.0369934854306,0.0121654730755,0.630018087208,0.413999216946,0.781405968762,0.326895327531,0.333389869657
joint_states,-0.0584217416589,-0.0134666388144,1.08215633129,3.14159144559,-3.14158731156,3.14158667737,1.00115010872e-06,0.0214329990346,-0.531107998915,0.918896997964,-0.387783000068,-0.023138000175,-9.98892239518e-07,0.021436001029,-0.531104000299,0.918889000279,-0.387783000838,-0.0231450000602,0.0652130025793,0.193006002104,0.265903000391,0.157455000725,-0.0029090006507,-0.509404999554,0.000294999891879,-0.000982999842407,0.102550998694,-3.94739570506e-13,0.98784699924,-0.776050998348,-0.656340996133,-1.0564229981,-1.61329300488,1.27021202061,0.0986149921875,0.0,0.638851002761,-0.398863001406,right_gripper,-0.0318726890661,0.0172549577944,0.547233337517,0.0812081950849,0.457155551852,0.822852274657,0.327609774815
joint_states,-0.0276586049191,0.00324845642065,1.05864555012,2.78544167701e-05,1.28053921902e-05,3.6837784865e-06,1.50022826169e-05,-0.0054160011068,-0.555456003091,1.07573199941,-0.520291001246,0.00371099947703,-1.0998810457e-05,-0.00542700199041,-0.555505999476,1.07580000212,-0.520308003876,0.00369200530403,1.02848403383,-0.127620009959,0.265903996542,0.157441998236,-0.00291199694051,-0.509397000531,0.00029500105432,-0.000983997932072,0.102551998018,-2.34558832173e-10,0.283467977047,-1.1397440148,-0.757463002912,-1.46266001511,-0.558331965832,0.86552698598,-0.645975027515,0.0,0.420042996029,-1.03283102026,right_gripper,-0.0437283850435,0.0121598109162,0.556876616951,0.270720478108,0.342235863037,0.899760304573,-0.00405352921481
joint_states,-0.0340378264268,0.00986123202988,1.06006706009,-3.26889422466e-06,-3.7664513014e-06,2.13884596048e-07,-4.30837573028e-10,-0.0162600000134,-0.560894999202,1.06489200012,-0.50399099956,0.0145589996678,5.69408236434e-11,-0.0162600008986,-0.560901000901,1.06489700056,-0.503987999514,0.0145560002273,1.19361900273,-0.202807001427,0.265904000525,0.157452999893,-0.0029099990533,-0.50940200029,0.000295000023839,-0.0009830002414,0.102550999864,-1.84853406965e-11,0.341892000405,-1.23134600237,-1.2270540066,-0.68759598929,-1.31114001136,0.308128992525,0.273278012268,0.0,0.6771570039,-1.24330900245,right_gripper,-0.0546322769103,-0.0146621902536,0.786965019534,0.0437725092104,0.883661735019,0.447493164397,0.130291109898
joint_states,-0.0934689180462,-0.0118196837068,1.09105231368,-3.14155861399,3.14158826105,3.1415842145,6.00114041496e-06,0.0184920014954,-0.54212799764,0.827334996118,-0.285212998085,-0.020234998201,7.99903062546e-06,0.0184940000353,-0.542151000151,0.827377995541,-0.285231997605,-0.020230999116,0.232810993362,0.708646005117,0.265884998785,0.157430998903,-0.00291399951343,-0.5094029999,0.000295000281688,-0.000984001216162,0.102550999682,-9.91059663652e-11,0.73335000333,-1.45246900419,-1.17725500028,-1.15513000503,1.47800102241,0.278298999731,-0.0356740026479,-3.91026995571e-11,-0.0118560066482,-0.811793996455,right_gripper,-0.0580141613469,0.0354404446933,0.687365348063,0.92833948437,-0.137339067624,0.168931773639,-0.301306883623
joint_states,-0.0795374641875,0.0162624758247,1.10546341675,-1.21945536607e-05,-2.81318706599e-05,2.51226145999e-06,-1.00009454349e-06,-0.0249349997715,-0.475915999284,0.735555999501,-0.259616999686,0.0232380000775,5.00061543549e-06,-0.0249329999793,-0.475919999626,0.735577998964,-0.259628999957,0.0232389999592,-0.547921006595,0.557527999052,0.265917000183,0.157466000472,-0.0029070001928,-0.509402000639,0.000294999909661,-0.000982000457535,0.102550999748,0.0,1.51108500583,-0.59438599337,-1.45640500162,-1.30400400163,1.40425299945,-0.298669005365,0.435926004498,0.0,0.544250004482,-0.313063995229,right_gripper,-0.0518571283245,0.0229130672293,0.603518980708,0.85863595781,0.253171841728,0.0289707098686,-0.444757246688
joint_states,-0.0196242698676,0.0272213122406,1.05642244778,-5.5723548846e-05,-6.59663841267e-06,8.75990313359e-06,-1.30005761101e-05,-0.0450549995615,-0.547495999636,1.08728500029,-0.539783000765,0.0434029990095,-5.99953822823e-06,-0.0450540002403,-0.547468000175,1.08723000058,-0.539755000886,0.0434019999388,-1.18501000336,0.0670699971901,0.265892000464,0.157444999731,-0.00291100018595,-0.509395999902,0.000295000192391,-0.000983999642698,0.102552000021,-7.16322167318e-11,0.806058996408,-1.15768600396,-1.55889000098,-2.0860000037,1.29194799937,-1.08621400456,0.325335999355,0.0,0.190496997916,-1.24271200445,right_gripper,-0.0560152560702,-0.00694842633869,0.382052811271,-0.137725528767,-0.544083562264,-0.0400538047839,0.826680378818
joint_states,-0.0396972756102,-0.000886321912061,1.03924443368,-1.24139608781e-05,-3.33204087882e-05,2.96631336453e-06,-1.99894012255e-06,0.00152100122119,-0.622024999754,1.17463500019,-0.552576001541,-0.00321300210051,1.12819127746e-09,0.00151900259571,-0.622023000636,1.17463400334,-0.55257999801,-0.00321400179193,-0.764158989229,-0.0664590037437,0.265904999559,0.157453998405,-0.00290900246864,-0.509401997848,0.00029500007333,-0.000983000288137,0.102551000165,-3.82785962797e-11,1.51064302038,-1.94061302165,-2.23545401704,-2.03961399638,1.52677500816,-1.28686100337,-0.468403022222,0.0,0.0530329962542,-1.24180100221,right_gripper,-0.0388996409215,-0.0131789268134,0.259483892704,-0.0819998403717,-0.390305366342,0.398168879963,0.826074627508
joint_states,-0.0314927133635,0.00207015454341,1.04081202382,-6.73096087487e-06,3.35033235622e-06,3.68547307669e-07,-5.87336046287e-10,-0.0035169993336,-0.605821999119,1.16982899952,-0.564010999412,0.00181500044094,-5.82302816413e-10,-0.00351699941603,-0.605819000465,1.16982400061,-0.564008000682,0.00181500052761,-1.19358300329,-0.202742001509,0.265904000016,0.157455999822,-0.00290900017686,-0.509403999556,0.000294999961458,-0.000982999877018,0.102550999531,-7.55630237284e-12,1.47240699906,-1.66956299775,-2.28375500047,-2.16811900093,-1.63117502337,-1.30157199993,0.628641008921,0.0,-0.184446002401,-0.834712996323,right_gripper,-0.0209847021491,0.0281624747674,0.397473470919,-0.346213405634,0.753356892955,0.325390974824,0.45465413569
joint_states,-0.0230466499755,0.0104013453264,1.0557508435,4.49789380568e-06,1.22661752702e-06,6.19983796235e-07,-7.5942191125e-10,-0.0172890007577,-0.555738998998,1.09280499906,-0.537064999535,0.0155819989809,4.0004469526e-06,-0.0172919992159,-0.555755999153,1.0928379987,-0.537079999661,0.0155799998711,-1.19380500008,-0.202891000221,0.265904000133,0.157454999648,-0.00290900067748,-0.509403000245,0.000294999971778,-0.000982999958499,0.102550999522,-6.03698036981e-12,1.29096299998,-1.08867299704,-2.21774599951,-2.00687699794,-2.38717600406,1.30008001725,-0.64591000771,-1.29383448481e-12,0.752282006044,-1.24331200146,right_gripper,-0.0444075749372,-0.0263032197841,0.44543860064,0.853163644937,0.295191819606,-0.33531972736,0.269321861419
joint_states,-0.0667227054674,-0.00983957599035,1.05226300857,-3.4739342434e-05,-3.16583655807e-05,1.69626449326e-07,-8.00070302822e-06,0.0164920000968,-0.626916000967,1.08966099898,-0.462712998846,-0.0181630010667,-1.99981542513e-06,0.0164899998151,-0.626902999898,1.08963099929,-0.462700998526,-0.0181590004398,-0.237084989512,0.021755002265,0.265906000533,0.157456000049,-0.00290900006119,-0.509399999333,0.000295000059107,-0.000982999928685,0.102551000554,-1.62425754595e-11,1.51173200214,-1.55933500501,-1.70482399346,-0.300835981406,-2.15862899701,0.756585994347,-0.243414995417,0.0,0.168677992772,-0.38120599012,right_gripper,-0.0537853999084,0.0253900650438,0.68520318269,-0.511262212085,0.764807061418,0.390495204222,-0.0345630551033
joint_states,-0.0997626161485,0.0058937376192,1.0644009788,-5.71330257062e-06,-6.51115540978e-06,1.20374418687e-06,-9.99777251749e-07,-0.00964200018831,-0.633373999955,0.991779999467,-0.358398999778,0.00793900038197,-1.00031607303e-06,-0.00964399991373,-0.633366000067,0.991758999666,-0.358386999525,0.00794199984131,-0.215178000251,0.527325001891,0.265900999997,0.157453999716,-0.00290999970047,-0.509404000265,0.000294999983153,-0.000983000036984,0.102550999723,-3.03491175902e-12,1.31886199927,-2.27224200297,-1.94871600121,-0.0645609988009,-0.702004993725,-1.30020400911,-0.589680001575,0.0,-0.184333001213,-0.600216001164,right_gripper,-0.0611429374155,-0.00913026179625,0.639951947623,0.340111407245,0.861191147159,-0.15374622837,-0.345016138722
joint_states,-0.0510068224649,0.0453669234251,1.03860337067,-1.97926505824e-05,-6.39932950437e-06,3.1525961444e-06,-2.99848942919e-06,-0.0773890026335,-0.635914001161,1.16318500024,-0.527264001638,0.0757010017226,-2.99848973107e-06,-0.0773890006851,-0.635905000789,1.16316799998,-0.527256001741,0.0757009997741,-1.19331700829,0.169166995041,0.265900999225,0.157453997887,-0.00290999809111,-0.509403001615,0.000294999966499,-0.00098300032834,0.102550998956,-3.07335873388e-11,1.36224500057,-2.3268049994,-1.66459299824,-0.0656539993203,1.74280302397,1.29778302756,-0.607660998655,-7.55710286832e-12,-0.169933999649,-0.355503995804,right_gripper,-0.0365372982219,0.01114256955,0.605381277367,0.861619300935,0.0467238697346,0.365317189733,0.349245488359
joint_states,-0.00634706584875,-0.0329089573803,1.07530734808,-3.14157784636,-3.14157082382,3.14159148653,4.26959296728e-10,0.0528779998195,-0.476320000718,0.979622997979,-0.503279999911,-0.0546009992686,7.47866000003e-10,0.0528769989695,-0.476332999038,0.97964899818,-0.503293999386,-0.0545990009279,1.0303510001,-0.181755000039,0.265907998752,0.157451999775,-0.00290999946938,-0.509399998903,0.000295000119512,-0.000983000385296,0.102551000847,-1.13237962476e-11,1.50259700085,-0.614393993691,-2.15419799875,-0.771863995511,-1.65888701217,1.29961501342,0.364724006374,-2.28483815565e-12,0.760158003992,-0.507681996114,right_gripper,-0.139847627293,-0.0140682440652,0.569637876755,-0.134668352502,0.583315958537,0.784393575079,0.162276451542
