kinematics:
  shoulder:
    x: 0
    y: 0
    z: 0.1808067818279354
    roll: -0
    pitch: 0
    yaw: 5.344924578134385e-08
  upper_arm:
    x: 0.000155170017229913
    y: 0
    z: 0
    roll: 1.570375627118059
    pitch: 0
    yaw: 4.734218636895016e-06
  forearm:
    x: -0.6122739401527342
    y: 0
    z: 0
    roll: 3.139961504224851
    pitch: 3.140358759210529
    yaw: -3.141580189084558
  wrist_1:
    x: -0.5710693050793122
    y: 0.0009905008231603206
    z: 0.1748252038978061
    roll: 3.135927050444445
    pitch: 3.140630036217372
    yaw: 3.141588101734085
  wrist_2:
    x: 0.0001282064320648593
    y: -0.1197679729995107
    z: -3.361649367845537e-06
    roll: 1.570824394810767
    pitch: 0
    yaw: -6.949009159009127e-07
  wrist_3:
    x: 1.96289059879881e-05
    y: 0.1155558421447115
    z: 7.523724350797557e-05
    roll: 1.571447416618484
    pitch: 3.141592653589793
    yaw: -3.141592605810997
  hash: calib_5606418671134492623