height: 480
width: 640
distortion_model: "plumb_bob"
D: [0.1342682457423161, -0.185169495024767, 0.008633872454571442, -0.006708097638208048, 0.0]
K: [606.927873247237, 0.0, 317.0942192234208, 0.0, 608.7315077548897, 255.8098355816944, 0.0, 0.0, 1.0]
R: [1.0, 0.0, 0.0, 0.0, 1.0, 0.0, 0.0, 0.0, 1.0]
P: [625.0511474609375, 0.0, 313.3595109513262, 0.0, 0.0, 626.72314453125, 259.4014303951117, 0.0, 0.0, 0.0, 1.0, 0.0]
binning_x: 0
binning_y: 0
roi: 
  x_offset: 0
  y_offset: 0
  height: 0
  width: 0
  do_rectify: False
